-0.003626175	-0.004281991	-0.005899431	-0.006343328	-0.0111788
-0.00389929	-0.0046814	-0.006583575	-0.006589009	-0.01132175
-0.004163364	-0.005062674	-0.00723405	-0.006822639	-0.01145539
-0.004418611	-0.005426268	-0.007851675	-0.007044553	-0.01158001
-0.004665241	-0.005772636	-0.008437266	-0.007255087	-0.01169595
-0.004903467	-0.006102232	-0.008991639	-0.007454576	-0.01180351
-0.005133501	-0.00641551	-0.009515612	-0.007643357	-0.01190301
-0.005355555	-0.006712923	-0.010010	-0.007821765	-0.01199476
-0.005569841	-0.006994926	-0.01047563	-0.007990136	-0.01207909
-0.005776571	-0.007261973	-0.01091331	-0.008148805	-0.01215629
-0.005975958	-0.007514518	-0.01132385	-0.008298109	-0.0122267
-0.006168212	-0.007753014	-0.01170808	-0.008438384	-0.01229062
-0.006353546	-0.007977915	-0.01206681	-0.008569964	-0.01234838
-0.006532173	-0.008189675	-0.01240087	-0.008693186	-0.01240027
-0.006704304	-0.00838875	-0.01271106	-0.008808386	-0.01244663
-0.006870151	-0.008575591	-0.0129982	-0.008915898	-0.01248776
-0.007029926	-0.008750654	-0.01326312	-0.00901606	-0.01252397
-0.007183842	-0.008914392	-0.01350662	-0.009109207	-0.0125556
-0.00733211	-0.00906726	-0.01372953	-0.009195673	-0.01258294
-0.007474943	-0.00920971	-0.01393266	-0.009275797	-0.01260631
-0.007612552	-0.009342197	-0.01411684	-0.009349912	-0.01262604
-0.007745149	-0.009465177	-0.01428287	-0.009418355	-0.01264243
-0.007872947	-0.0095791	-0.01443157	-0.009481463	-0.0126558
-0.007996158	-0.009684423	-0.01456376	-0.009539569	-0.01266646
-0.008114993	-0.009781598	-0.01468026	-0.00959301	-0.01267473
-0.008229664	-0.009871081	-0.01478189	-0.009642122	-0.01268093
-0.008340384	-0.009953324	-0.01486946	-0.009687241	-0.01268536
-0.008447365	-0.01002878	-0.01494379	-0.009728703	-0.01268835
-0.008550819	-0.01009791	-0.01500569	-0.009766842	-0.0126902
-0.008650957	-0.01016116	-0.01505599	-0.009801995	-0.01269124
-0.008747992	-0.01021898	-0.0150955	-0.009834498	-0.01269178
-0.008842136	-0.01027184	-0.01512504	-0.009864686	-0.01269214
-0.008933601	-0.01032018	-0.01514542	-0.009892896	-0.01269262
-0.009022598	-0.01036446	-0.01515747	-0.009919463	-0.01269354
-0.009109341	-0.01040513	-0.01516199	-0.009944722	-0.01269523
-0.009194041	-0.01044265	-0.01515981	-0.00996901	-0.01269798
-0.009276909	-0.01047747	-0.01515174	-0.009992662	-0.01270213
-0.009358158	-0.01051004	-0.01513861	-0.01001601	-0.01270798
-0.009438001	-0.01054083	-0.01512122	-0.0100394	-0.01271585
-0.009450692	-0.01050105	-0.01501133	-0.009961565	-0.01253328
-0.009501841	-0.0104781	-0.01490964	-0.009951402	-0.0124516
-0.009568236	-0.01048402	-0.01484224	-0.009971162	-0.01243415
-0.009650205	-0.01051929	-0.01481691	-0.01000855	-0.01245896
-0.009743989	-0.01057176	-0.01482234	-0.01006594	-0.01251886
-0.009843031	-0.01063774	-0.01484926	-0.01013717	-0.01260106
-0.009946023	-0.01071098	-0.01489265	-0.01021929	-0.01270329
-0.01005141	-0.01079049	-0.01494867	-0.0103091	-0.0128186
-0.0101574	-0.01087685	-0.01501063	-0.01040289	-0.01294116
-0.01026401	-0.01096651	-0.01507919	-0.01049854	-0.01306847
-0.01037102	-0.01105955	-0.01515291	-0.01059573	-0.01319777
-0.0104782	-0.01115399	-0.01523222	-0.01069593	-0.01332809
-0.0105835	-0.01124967	-0.01531546	-0.01079674	-0.01346051
-0.01068877	-0.01134848	-0.0154007	-0.01089779	-0.01359218
-0.01079401	-0.01144843	-0.01548993	-0.01099872	-0.0137241
-0.01089719	-0.01154934	-0.01558123	-0.01109915	-0.01385545
-0.01100012	-0.01165102	-0.01567243	-0.01119868	-0.01398537
-0.01110466	-0.01175327	-0.01576522	-0.01130288	-0.01411919
-0.01120874	-0.0118559	-0.0158595	-0.01140563	-0.01425055
-0.01131031	-0.01196077	-0.01595513	-0.01150652	-0.01438061
-0.01141119	-0.01206586	-0.01604989	-0.01160718	-0.01450868
-0.01151142	-0.01216912	-0.01614365	-0.01170745	-0.01463614
-0.01161099	-0.01227631	-0.01624014	-0.01180896	-0.01476043
-0.01170992	-0.01238331	-0.01633712	-0.01190945	-0.01488497
-0.01181006	-0.01248988	-0.01643625	-0.01200871	-0.01500745
-0.01190933	-0.01259788	-0.01653529	-0.01210655	-0.01512736
-0.01200777	-0.01270524	-0.01663406	-0.01220667	-0.01524625
-0.01210539	-0.01281381	-0.01673237	-0.01230704	-0.01536594
-0.01220221	-0.01295477	-0.01687784	-0.01240771	-0.01548615
-0.01229825	-0.01306136	-0.01698482	-0.0125025	-0.01560037
-0.01239354	-0.01317242	-0.01708728	-0.01260083	-0.01571404
-0.0124899	-0.01328429	-0.01718866	-0.0127009	-0.01582711
-0.0125853	-0.01339488	-0.01729084	-0.0127968	-0.0159354
-0.01267976	-0.01350603	-0.01739176	-0.01290027	-0.01604665
-0.01277331	-0.01361772	-0.01749329	-0.01300591	-0.01615926
-0.01286597	-0.01372994	-0.01759547	-0.0131078	-0.01626904
-0.01295776	-0.01384062	-0.01769624	-0.01321356	-0.01637751
-0.01305055	-0.01395156	-0.01779745	-0.01332999	-0.01649529
-0.01314228	-0.01406275	-0.01789914	-0.01345458	-0.01662205
-0.01323299	-0.01417417	-0.01799925	-0.01357365	-0.01673831
-0.01332479	-0.01428582	-0.01810146	-0.01369642	-0.01686097
-0.01341589	-0.0143956	-0.0182037	-0.01381911	-0.01698041
-0.01350633	-0.01450532	-0.01830393	-0.01393766	-0.01709843
-0.01359615	-0.01461496	-0.01840399	-0.0140532	-0.01721659
-0.0136854	-0.01472449	-0.01850391	-0.01415856	-0.01733021
-0.01377593	-0.0148339	-0.01860369	-0.01426056	-0.01744265
-0.01386571	-0.01494318	-0.01870337	-0.01436288	-0.0175557
-0.0139548	-0.01505411	-0.01880296	-0.01446322	-0.01766908
-0.01404323	-0.01516462	-0.01890248	-0.01455929	-0.01778252
-0.01413105	-0.01527261	-0.0190017	-0.01465683	-0.01789393
-0.01421831	-0.01537989	-0.01910038	-0.01475198	-0.01800329
-0.01430688	-0.01548643	-0.01919854	-0.01484869	-0.01811243
-0.01439473	-0.01559222	-0.01929621	-0.01494103	-0.01821924
-0.01448192	-0.01569724	-0.01939341	-0.01503086	-0.0183258
-0.01456849	-0.01580146	-0.01949014	-0.01512006	-0.01843212
-0.01465451	-0.0159067	-0.01958644	-0.01520661	-0.0185382
-0.01474002	-0.01601086	-0.01968414	-0.01529238	-0.01864223
-0.01482508	-0.01611392	-0.0197812	-0.01537742	-0.0187463
-0.01490973	-0.01621797	-0.01987765	-0.0154535	-0.01884627
-0.01499586	-0.01632115	-0.0199735	-0.01552173	-0.01894165
-0.01508145	-0.01642347	-0.02006878	-0.01559202	-0.01903635
-0.01516656	-0.01652491	-0.02016353	-0.01566285	-0.01912856
-0.01525124	-0.01662548	-0.02025776	-0.01573454	-0.01922219
-0.01533556	-0.01672699	-0.02035333	-0.01580742	-0.01931337
-0.01541957	-0.01682736	-0.0204482	-0.01587977	-0.0194042
-0.01550333	-0.0169266	-0.02054239	-0.01595193	-0.01949289
-0.01558691	-0.01702469	-0.02063594	-0.01602401	-0.01958129
-0.01567219	-0.01712373	-0.02072888	-0.01609611	-0.01966946
-0.01575714	-0.01722189	-0.02082124	-0.01616836	-0.0197556
-0.01584185	-0.01731735	-0.02090394	-0.01623881	-0.01984159
-0.01592638	-0.01741767	-0.02099831	-0.01630941	-0.01992748
-0.01601078	-0.0175148	-0.0210901	-0.01638028	-0.02001151
-0.01609513	-0.01761085	-0.0211869	-0.01644974	-0.02009556
-0.0161795	-0.01770764	-0.02128252	-0.01651975	-0.02017761
-0.01626395	-0.01780312	-0.02137701	-0.01658838	-0.02025982
-0.01634854	-0.01789939	-0.0214686	-0.0166576	-0.02034225
-0.01643334	-0.01799464	-0.02156125	-0.01672548	-0.0204229
-0.01651841	-0.01809073	-0.02165501	-0.016794	-0.02050186
-0.01660383	-0.01818769	-0.02175225	-0.01686123	-0.02058102
-0.01668758	-0.01828166	-0.02184111	-0.01692735	-0.02066048
-0.01677337	-0.0183745	-0.02192891	-0.01699432	-0.0207385
-0.01685918	-0.01846623	-0.02201779	-0.01706023	-0.02081699
-0.01694508	-0.01855872	-0.0221078	-0.017125	-0.02089398
-0.01703115	-0.01865201	-0.02219692	-0.01718854	-0.02096957
-0.01711743	-0.01874431	-0.0222852	-0.01725283	-0.02104568
-0.01720401	-0.0188375	-0.02237272	-0.01731598	-0.02112033
-0.01729094	-0.01892955	-0.02246134	-0.01737996	-0.02119364
-0.01737621	-0.01902052	-0.02254907	-0.0174429	-0.02126753
-0.01746171	-0.01911046	-0.02263595	-0.0175047	-0.02134003
-0.0175475	-0.01919941	-0.02272207	-0.01756529	-0.02141309
-0.01763363	-0.01928927	-0.02280931	-0.01762486	-0.02148473
-0.01772017	-0.019378	-0.02289567	-0.0176854	-0.02155692
-0.01780717	-0.01946567	-0.02298121	-0.01774684	-0.02162769
-0.01789469	-0.01955416	-0.02306601	-0.01781095	-0.02170081
-0.01798072	-0.01964147	-0.02315198	-0.01786622	-0.0217668
-0.01806713	-0.01972764	-0.02323709	-0.01792272	-0.02183201
-0.01815579	-0.01981276	-0.02332145	-0.01798037	-0.02189838
-0.0182447	-0.01989871	-0.02340695	-0.01803911	-0.02196578
-0.0183339	-0.01998557	-0.02349367	-0.01809706	-0.02203409
-0.01842347	-0.02006951	-0.02357781	-0.01815417	-0.0221032
-0.01851345	-0.02015424	-0.02366128	-0.01821037	-0.02216934
-0.01860183	-0.02023779	-0.0237439	-0.0182604	-0.02222744
-0.01869049	-0.02032021	-0.02382551	-0.01831431	-0.02228957
-0.01877947	-0.02040342	-0.02390621	-0.01836789	-0.02235352
-0.01886884	-0.02048542	-0.02398788	-0.01842289	-0.02241917
-0.01895864	-0.0205663	-0.02406856	-0.01847926	-0.02248615
-0.01904893	-0.02064797	-0.02414833	-0.01853696	-0.0225541
-0.01914158	-0.02072844	-0.02422911	-0.01859203	-0.02262292
-0.0192325	-0.02080781	-0.02430892	-0.01864833	-0.02269251
-0.01932356	-0.02088617	-0.02438056	-0.01870582	-0.02276096
-0.01941483	-0.0209636	-0.02444876	-0.01876238	-0.02283026
-0.01950634	-0.02104204	-0.02452504	-0.01881798	-0.02289849
-0.01959815	-0.02111949	-0.024603	-0.01887466	-0.02296742
-0.01969032	-0.02119787	-0.02468247	-0.0189303	-0.02303487
-0.01978082	-0.02127523	-0.02476513	-0.01898697	-0.02310311
-0.01987334	-0.02135348	-0.02484876	-0.01904488	-0.0231744
-0.01996586	-0.02143067	-0.02492957	-0.01910403	-0.02324503
-0.02005844	-0.0215069	-0.02501132	-0.0191605	-0.02331312
-0.02015112	-0.02158411	-0.02509363	-0.01921843	-0.02338276
-0.02024396	-0.02166034	-0.02517636	-0.01927988	-0.02345599
-0.02033701	-0.0217357	-0.02525393	-0.01934072	-0.02352677
-0.02043214	-0.02181215	-0.02533608	-0.01939885	-0.02359505
-0.02052527	-0.02188773	-0.02541488	-0.01945818	-0.02366468
-0.02061827	-0.02196439	-0.02549438	-0.01950934	-0.02372442
-0.02071119	-0.0220381	-0.02557264	-0.01955671	-0.02377518
-0.02080408	-0.02211264	-0.02565161	-0.01960624	-0.023827
-0.02089882	-0.02218971	-0.02574371	-0.01965582	-0.0238834
-0.0209934	-0.0222653	-0.02583226	-0.01970724	-0.02394403
-0.02108579	-0.02233955	-0.02591563	-0.01975841	-0.02400648
-0.02117787	-0.02241262	-0.02599244	-0.01981112	-0.0240704
-0.02126969	-0.02248464	-0.0260652	-0.01986536	-0.02413573
-0.02136313	-0.02255758	-0.02613616	-0.01991904	-0.0242003
-0.02145618	-0.02262745	-0.02620366	-0.01997397	-0.02426589
-0.02154889	-0.02269802	-0.02627335	-0.02002809	-0.02433242
-0.02164132	-0.02278381	-0.02645777	-0.02008319	-0.02439985
-0.02173352	-0.02286449	-0.02662089	-0.02013722	-0.02446421
-0.02182532	-0.022946	-0.02676197	-0.02019018	-0.02452936
-0.0219165	-0.02302256	-0.0268714	-0.02024414	-0.02459524
-0.02200714	-0.02310196	-0.02698845	-0.02029703	-0.024660
-0.02209911	-0.02317817	-0.02707989	-0.02035071	-0.02472358
-0.0221904	-0.02324935	-0.02714206	-0.02040126	-0.02478594
-0.02228108	-0.02331756	-0.02718475	-0.02045262	-0.02484912
-0.02237122	-0.02338301	-0.02721151	-0.02050479	-0.02491309
-0.0224627	-0.02344593	-0.02722013	-0.0205539	-0.02497391
-0.02255145	-0.02350472	-0.02721432	-0.02060386	-0.02503544
-0.02263934	-0.02356167	-0.02719935	-0.02065262	-0.02509583
-0.02272645	-0.02361907	-0.02718487	-0.02070203	-0.02515506
-0.02281467	-0.0236691	-0.02715065	-0.02074822	-0.02521309
-0.02290199	-0.02372133	-0.02711645	-0.0207951	-0.02527197
-0.02298849	-0.02377208	-0.02707293	-0.02084089	-0.02532778
-0.02307606	-0.02382313	-0.02703725	-0.02088562	-0.02538439
-0.0231627	-0.02387239	-0.02700866	-0.02093113	-0.02543994
-0.02324849	-0.02391823	-0.02697391	-0.02097539	-0.02549443
-0.02333352	-0.02396298	-0.0269322	-0.02101843	-0.02554965
-0.02341967	-0.02400475	-0.02688821	-0.0210603	-0.02560375
-0.02350497	-0.02404741	-0.02684265	-0.02110102	-0.02565673
-0.0235895	-0.0240891	-0.02679807	-0.02114271	-0.02570856
-0.02367309	-0.02413005	-0.02675678	-0.02118333	-0.02576131
-0.02375557	-0.02417592	-0.02671714	-0.02122294	-0.02581107
-0.02383702	-0.02422049	-0.02667936	-0.02126156	-0.02586171
-0.02391937	-0.02426555	-0.02664365	-0.02130107	-0.02591324
-0.02400062	-0.0243111	-0.02661227	-0.02133761	-0.02596174
-0.02408086	-0.02435506	-0.02658541	-0.02137514	-0.02601111
-0.02416201	-0.02439742	-0.02656118	-0.02141161	-0.02606135
-0.02424209	-0.02444025	-0.02654159	-0.02144709	-0.02610855
-0.02432303	-0.02448174	-0.02652866	-0.02148162	-0.02615661
-0.02440284	-0.02452397	-0.02652049	-0.02151706	-0.02620164
-0.02448165	-0.02456304	-0.02651519	-0.02155349	-0.02624754
-0.02456137	-0.02460286	-0.02651661	-0.02158706	-0.02629222
-0.02464005	-0.02464161	-0.02652285	-0.02161965	-0.0263357
-0.02471779	-0.02467748	-0.02653593	-0.02164899	-0.0263759
-0.02479835	-0.02471438	-0.02655189	-0.02168317	-0.02642087
-0.02487771	-0.02475049	-0.02657457	-0.02171681	-0.02646724
-0.02495573	-0.0247879	-0.02660209	-0.02174971	-0.02651294
-0.02503228	-0.02482272	-0.02663439	-0.02178168	-0.02655593
-0.0251075	-0.02485887	-0.02667325	-0.02181281	-0.02659804
-0.02518151	-0.02489453	-0.02671678	-0.02184315	-0.02663722
-0.02525625	-0.02492973	-0.02676702	-0.02187461	-0.02667945
-0.02532979	-0.02496447	-0.02682003	-0.02191166	-0.02673125
-0.02540406	-0.02500087	-0.02687964	-0.02194685	-0.02677939
-0.02547715	-0.02503684	-0.02694584	-0.02198184	-0.02682756
-0.02554918	-0.02507244	-0.02701466	-0.02201646	-0.02687555
-0.02562029	-0.02510974	-0.02708998	-0.02204873	-0.02691925
-0.02569245	-0.02514488	-0.02717175	-0.02208056	-0.02696234
-0.02576164	-0.02518179	-0.02725606	-0.02211384	-0.0270046
-0.02583166	-0.02521867	-0.02734675	-0.02214477	-0.02704397
-0.02590056	-0.02525763	-0.02745211	-0.02217525	-0.02708439
-0.02597032	-0.02529688	-0.02756719	-0.02220511	-0.02712379
-0.02603902	-0.02533645	-0.02768211	-0.02223627	-0.02716223
-0.02610679	-0.02537821	-0.02780208	-0.02226489	-0.02719763
-0.02617563	-0.02541829	-0.02792686	-0.0222929	-0.02723369
-0.0262436	-0.02546064	-0.02805229	-0.0223222	-0.02727042
-0.02631062	-0.0255014	-0.02818199	-0.0223508	-0.02730396
-0.02637658	-0.0255445	-0.02831986	-0.02237671	-0.02733825
-0.02644348	-0.02558816	-0.02845808	-0.02240391	-0.02737331
-0.02650939	-0.02563243	-0.02860029	-0.02243067	-0.02740555
-0.02657631	-0.02567917	-0.02874621	-0.02245318	-0.02743135
-0.02664415	-0.02572661	-0.028900	-0.02247516	-0.02745852
-0.02671076	-0.02577479	-0.02905384	-0.02249851	-0.02748893
-0.02677606	-0.0258256	-0.02921526	-0.02251941	-0.02751662
-0.02684024	-0.02587517	-0.02937853	-0.02254443	-0.02754836
-0.0269053	-0.02592748	-0.02954755	-0.02257623	-0.02759328
-0.02696933	-0.02597866	-0.02972024	-0.02260894	-0.02764181
-0.02703045	-0.02602852	-0.02987971	-0.02264242	-0.02768964
-0.02709249	-0.02608074	-0.03004052	-0.02267653	-0.02773817
-0.02715354	-0.02613356	-0.03020675	-0.02271112	-0.0277849
-0.02721563	-0.02618909	-0.03038069	-0.02274604	-0.02783148
-0.02727685	-0.02624558	-0.03055894	-0.02278116	-0.02787772
-0.02733716	-0.02630307	-0.03074172	-0.02281632	-0.02792346
-0.02739831	-0.02636345	-0.0309311	-0.02285138	-0.0279685
-0.02745841	-0.02642287	-0.03111902	-0.0228862	-0.02801268
-0.02751951	-0.0264666	-0.03117615	-0.02292063	-0.028054
-0.02757971	-0.02651314	-0.03122506	-0.02295453	-0.02809642
-0.02763897	-0.02655469	-0.03126794	-0.02298618	-0.02813429
-0.02769724	-0.02659907	-0.03131579	-0.02300863	-0.02815151
-0.02775655	-0.02663642	-0.03133109	-0.02303392	-0.0281764
-0.02781295	-0.02667427	-0.03134599	-0.02305798	-0.02820637
-0.0278703	-0.02671264	-0.03136582	-0.02308658	-0.02824279
-0.02792673	-0.0267497	-0.03138426	-0.02311566	-0.02828127
-0.02798428	-0.02678755	-0.03140232	-0.02314688	-0.02832319
-0.02804082	-0.0268262	-0.03142495	-0.02318007	-0.02836627
-0.02809633	-0.02686593	-0.03145142	-0.02321324	-0.02840851
-0.02815284	-0.02690702	-0.03147687	-0.02324625	-0.02845363
-0.02820851	-0.02694951	-0.03150611	-0.02328075	-0.02849755
-0.0282633	-0.02699162	-0.03154007	-0.02331659	-0.02854219
-0.02831718	-0.02703338	-0.03157348	-0.02334999	-0.02858372
-0.0283722	-0.02707667	-0.03160681	-0.02338311	-0.02862248
-0.02842626	-0.02711555	-0.03163014	-0.02341424	-0.02865515
-0.02847934	-0.02715579	-0.03164244	-0.0234453	-0.02868985
-0.02853349	-0.02719951	-0.03165741	-0.02347613	-0.02872638
-0.02858688	-0.02724311	-0.03167604	-0.02351048	-0.0287643
-0.02863947	-0.02728873	-0.03169699	-0.02354429	-0.02880528
-0.02869309	-0.02733436	-0.0317208	-0.0235795	-0.02884705
-0.0287459	-0.02738005	-0.03174407	-0.02361416	-0.02888765
-0.02879788	-0.02742795	-0.03176712	-0.02364993	-0.02892898
-0.02884903	-0.02747189	-0.03179205	-0.0236867	-0.02897091
-0.02890142	-0.02751532	-0.0318171	-0.02372251	-0.02901145
-0.02895296	-0.02755622	-0.03184259	-0.02375724	-0.02905047
-0.02900366	-0.02759647	-0.03186882	-0.02379284	-0.02908807
-0.02905558	-0.02763586	-0.0318959	-0.02382737	-0.02912436
-0.02910483	-0.02767445	-0.03192206	-0.02386071	-0.02916102
-0.02915531	-0.02771227	-0.03194947	-0.02389482	-0.02919609
-0.02920493	-0.02775121	-0.03197614	-0.02392776	-0.02922969
-0.02925371	-0.02778741	-0.03200398	-0.02395942	-0.02926374
-0.02930373	-0.02782484	-0.03203128	-0.02398969	-0.02929449
-0.02935292	-0.02786146	-0.0320581	-0.02402054	-0.02932385
-0.02940128	-0.02789917	-0.03208639	-0.0240482	-0.02935378
-0.02945091	-0.02793618	-0.03211416	-0.02407466	-0.02938048
-0.02949585	-0.02797258	-0.03214152	-0.02410187	-0.02940799
-0.02954181	-0.02801024	-0.03216857	-0.0241279	-0.02943434
-0.02958674	-0.02804534	-0.03219723	-0.02415264	-0.0294594
-0.02963064	-0.02808183	-0.03222553	-0.024176	-0.02948329
-0.02967561	-0.02811771	-0.03225151	-0.02419812	-0.02950614
-0.02972165	-0.02815305	-0.03227918	-0.02421915	-0.02952989
-0.02976489	-0.02818791	-0.03230654	-0.02423898	-0.02955259
-0.02980925	-0.02822419	-0.03233556	-0.02425959	-0.02957411
-0.02985267	-0.0282599	-0.03236426	-0.02427905	-0.02959459
-0.02989518	-0.02829302	-0.03239067	-0.02429727	-0.02961415
-0.02993888	-0.02832752	-0.03241882	-0.02431231	-0.02963268
-0.02998379	-0.02836141	-0.03244673	-0.02432824	-0.02965028
-0.03002605	-0.02839659	-0.03247427	-0.02434312	-0.0296671
-0.03006959	-0.02842923	-0.03250155	-0.02435687	-0.02968301
-0.03011056	-0.02846332	-0.03252869	-0.02437145	-0.02969996
-0.03015286	-0.02849685	-0.03255555	-0.02438313	-0.02971419
-0.03019448	-0.02853174	-0.03258408	-0.02439388	-0.02972764
-0.03023543	-0.02856417	-0.0326123	-0.02440361	-0.0297441
-0.03027785	-0.02859604	-0.03263827	-0.0244143	-0.02975773
-0.03031968	-0.02862927	-0.03266393	-0.02442403	-0.02977048
-0.03036098	-0.02866004	-0.03269123	-0.02443271	-0.02978224
-0.03040179	-0.02869234	-0.03271636	-0.02443842	-0.02979314
-0.03044397	-0.02872417	-0.03274311	-0.02444521	-0.02980331
-0.03048367	-0.02875746	-0.03276951	-0.02445118	-0.02981082
-0.03052483	-0.02878838	-0.03279569	-0.0244583	-0.02982177
-0.03056544	-0.02881886	-0.03282151	-0.02446675	-0.02983839
-0.03060345	-0.02885081	-0.03284892	-0.0244728	-0.02985302
-0.03064074	-0.02888225	-0.03287416	-0.02447844	-0.02986557
-0.03067918	-0.0289112	-0.03289915	-0.02448565	-0.02987801
-0.03071698	-0.02894163	-0.03292585	-0.0244967	-0.02989672
-0.0307542	-0.02897159	-0.03295232	-0.02450397	-0.02991407
-0.03079272	-0.02900115	-0.03297477	-0.02451127	-0.02992971
-0.03083075	-0.02903041	-0.03300087	-0.02451854	-0.02994537
-0.03086837	-0.02905922	-0.0330266	-0.02452569	-0.02995887
-0.03090745	-0.0290895	-0.03305208	-0.02453264	-0.02997192
-0.03094414	-0.02911927	-0.03307718	-0.02453931	-0.02998443
-0.03098242	-0.02914863	-0.03310388	-0.02454563	-0.02999629
-0.03102025	-0.02917769	-0.03312838	-0.02455152	-0.03000739
-0.03105746	-0.02920628	-0.03315265	-0.02455689	-0.03001764
-0.0310941	-0.02923635	-0.03317656	-0.0245562	-0.03001596
-0.03113025	-0.02926592	-0.03320207	-0.02455375	-0.0300113
-0.03116777	-0.02929302	-0.03322723	-0.02455152	-0.03001338
-0.03120284	-0.02932165	-0.03325192	-0.02455537	-0.03002362
-0.03123944	-0.02934985	-0.03327628	-0.0245699	-0.0300588
-0.03127553	-0.02937955	-0.03330044	-0.02458385	-0.03009258
-0.03131121	-0.02940696	-0.03332429	-0.02460105	-0.03012622
-0.03134652	-0.02943402	-0.0333477	-0.02461756	-0.0301571
-0.03138338	-0.02946265	-0.03337264	-0.02463695	-0.03018671
-0.03141977	-0.0294909	-0.03339535	-0.02465504	-0.03021448
-0.0314537	-0.02951863	-0.03341777	-0.02467357	-0.03024191
-0.03148913	-0.02954594	-0.0334398	-0.02469249	-0.0302689
-0.03152407	-0.02957297	-0.0334634	-0.02471175	-0.03029332
-0.03155858	-0.02959957	-0.03348662	-0.0247292	-0.03031688
-0.03159276	-0.02962767	-0.03350937	-0.02474661	-0.0303377
-0.03162848	-0.02965533	-0.03353151	-0.02476598	-0.03035982
-0.03166194	-0.02968058	-0.03355321	-0.02478751	-0.03038549
-0.03169504	-0.02970745	-0.03357459	-0.02481141	-0.03041723
-0.03172967	-0.02973398	-0.03359554	-0.02483579	-0.03044951
-0.03176384	-0.02976003	-0.03361804	-0.02486062	-0.0304802
-0.03179763	-0.02978756	-0.03364015	-0.02488376	-0.03050716
-0.03183113	-0.02981278	-0.03366177	-0.02490518	-0.03053215
-0.03186416	-0.02983765	-0.03368097	-0.02492688	-0.03055482
-0.03189863	-0.02986411	-0.03370178	-0.0249488	-0.03057901
-0.03193073	-0.02989021	-0.03372229	-0.02496882	-0.03060072
-0.03196443	-0.02991583	-0.03374238	-0.02498868	-0.0306217
-0.03199776	-0.02993902	-0.03376195	-0.02500833	-0.03064004
-0.03202872	-0.0299638	-0.03378298	-0.0250277	-0.03065771
-0.0320613	-0.02998821	-0.03380353	-0.02504671	-0.03067672
-0.03209351	-0.03001215	-0.0338217	-0.02506532	-0.03069515
-0.03212726	-0.03003755	-0.03384152	-0.02508344	-0.03071083
-0.03215874	-0.03006066	-0.03386107	-0.02509919	-0.03072575
-0.03218988	-0.03008342	-0.03388026	-0.02511458	-0.0307419
-0.03222257	-0.03010779	-0.03389898	-0.02512953	-0.0307571
-0.03225485	-0.03013183	-0.03391922	-0.02514397	-0.03077154
-0.03228471	-0.03015541	-0.03393723	-0.02515783	-0.03078538
-0.03231617	-0.03017659	-0.033955	-0.02517311	-0.03079853
-0.03234724	-0.03019941	-0.03397242	-0.02518793	-0.03081299
-0.03237983	-0.03022192	-0.03399148	-0.02520221	-0.03082685
-0.03241014	-0.030244	-0.03401025	-0.02521589	-0.03084003
-0.0324401	-0.03026761	-0.03402865	-0.02522709	-0.03085245
-0.03247162	-0.030289	-0.03404659	-0.0252378	-0.0308643
-0.03250274	-0.03031011	-0.03406421	-0.02525003	-0.03087573
-0.03253329	-0.03033292	-0.03408169	-0.0252619	-0.03088668
-0.03256338	-0.03035547	-0.03409894	-0.02527333	-0.03089706
-0.03259311	-0.03037767	-0.03411586	-0.02528426	-0.0309068
-0.03262233	-0.0303994	-0.03413235	-0.02529463	-0.0309179
-0.03265297	-0.0304208	-0.03415041	-0.02530436	-0.03092845
-0.03268123	-0.03044202	-0.03416812	-0.02531548	-0.03093838
-0.03270904	-0.03046293	-0.03418358	-0.02532609	-0.03094971
-0.03273833	-0.03048343	-0.03419877	-0.02533432	-0.03095871
-0.03276713	-0.03050549	-0.03421568	-0.02534217	-0.03096739
-0.03279554	-0.03052717	-0.03423239	-0.02534958	-0.03097569
-0.03282367	-0.03054655	-0.03424883	-0.02535856	-0.03098559
-0.03285139	-0.03056559	-0.03426489	-0.02536723	-0.03099522
-0.03288061	-0.03058626	-0.03428051	-0.02537553	-0.03100243
-0.03290939	-0.03060663	-0.03429767	-0.0253834	-0.03101105
-0.03293575	-0.03062658	-0.03431447	-0.02539078	-0.03101919
-0.03296371	-0.03064811	-0.034329	-0.02539578	-0.03102679
-0.03299131	-0.03066927	-0.03434534	-0.0254025	-0.03103585
-0.0330184	-0.03068815	-0.0343595	-0.02540905	-0.03104267
-0.0330451	-0.03070672	-0.0343753	-0.02541538	-0.03105134
-0.03307153	-0.03072696	-0.03439084	-0.02542142	-0.03105997
-0.03309755	-0.03074694	-0.03440603	-0.02542711	-0.03106643
-0.0331251	-0.03076656	-0.03442081	-0.02543448	-0.03107455
-0.03315222	-0.03078572	-0.03443716	-0.02544165	-0.03108245
-0.03317696	-0.0308064	-0.03445137	-0.02544856	-0.03109215
-0.03320333	-0.03082487	-0.03446544	-0.02545333	-0.03110177
-0.03322938	-0.03084309	-0.03447928	-0.02546007	-0.03111125
-0.03325498	-0.03086305	-0.03449697	-0.02546689	-0.03112056
-0.03328206	-0.03088284	-0.03451065	-0.02547374	-0.03112963
-0.03330687	-0.03090236	-0.03452596	-0.02548058	-0.03113841
-0.03333134	-0.03092151	-0.034541	-0.02548734	-0.03114502
-0.03335743	-0.03093839	-0.03455571	-0.02549398	-0.03115148
-0.03338317	-0.03095705	-0.034570	-0.02550044	-0.03115774
-0.03340845	-0.03097556	-0.03458406	-0.02550667	-0.03116373
-0.03343132	-0.03099385	-0.03459808	-0.02551079	-0.03116939
-0.0334558	-0.03101181	-0.03461196	-0.02552106	-0.03118714
-0.03347993	-0.03102936	-0.03462566	-0.02553404	-0.03121041
-0.03350361	-0.03104849	-0.03463909	-0.02554787	-0.0312314
-0.03352878	-0.03106727	-0.03465219	-0.02556044	-0.03124931
-0.03355166	-0.0310838	-0.03466694	-0.02557353	-0.0312657
-0.03357422	-0.03110008	-0.03468148	-0.02558712	-0.03128234
-0.03359841	-0.03111807	-0.03469573	-0.02560115	-0.03129713
-0.03362228	-0.03113588	-0.03470962	-0.02561558	-0.03131183
-0.03364572	-0.03115341	-0.03472309	-0.02562831	-0.0313264
-0.03366679	-0.03117059	-0.03473632	-0.0256411	-0.03133871
-0.0336895	-0.03118732	-0.03474952	-0.02565393	-0.03135055
-0.03371193	-0.03120378	-0.0347626	-0.0256649	-0.03136186
-0.03373395	-0.03122012	-0.0347755	-0.02567605	-0.03137258
-0.03375752	-0.03123627	-0.03478815	-0.02568732	-0.03138267
-0.03378071	-0.03125215	-0.0348005	-0.02569867	-0.03139414
-0.03380157	-0.03126766	-0.03481248	-0.02571003	-0.03140513
-0.03382415	-0.03128479	-0.03482609	-0.02572136	-0.03141559
-0.03384651	-0.03130166	-0.03483946	-0.02573261	-0.03142547
-0.03386854	-0.03131816	-0.03485251	-0.02574372	-0.03143473
-0.03389012	-0.03133423	-0.03486338	-0.02575464	-0.03144332
-0.03391141	-0.03134796	-0.03487407	-0.02576532	-0.03145328
-0.03393253	-0.03136343	-0.03488452	-0.02577777	-0.03146274
-0.03395338	-0.03137872	-0.03489674	-0.02579014	-0.03147166
-0.03397384	-0.03139377	-0.03490885	-0.02580238	-0.031480
-0.03399589	-0.03140849	-0.03492077	-0.02581443	-0.03148773
-0.03401758	-0.03142279	-0.03493247	-0.02582626	-0.03149297
-0.034037	-0.03143869	-0.03494387	-0.02583781	-0.03149984
-0.03405818	-0.03145429	-0.03495492	-0.02584904	-0.03150647
-0.0340792	-0.03146768	-0.03496556	-0.02585809	-0.03151282
-0.03409995	-0.03148087	-0.03497781	-0.02586697	-0.03151886
-0.03412033	-0.03149377	-0.03498796	-0.02587563	-0.03152455
-0.0341423	-0.03150839	-0.03499804	-0.02588611	-0.03153192
-0.03416212	-0.03152283	-0.03500798	-0.02589652	-0.03153703
-0.03418177	-0.03153702	-0.03501773	-0.02590682	-0.03154168
-0.03420113	-0.03155088	-0.03502723	-0.02591696	-0.0315479
-0.03422218	-0.03156435	-0.03503849	-0.02592691	-0.03155384
-0.034243	-0.03157942	-0.03504963	-0.02593661	-0.03155945
-0.03426348	-0.03159238	-0.03506062	-0.02594601	-0.03156472
-0.03428172	-0.03160524	-0.03507138	-0.02595508	-0.03156959
-0.03430174	-0.03161793	-0.03508189	-0.02596377	-0.03157406
-0.03432164	-0.03163037	-0.03509206	-0.0259741	-0.03157807
-0.03434131	-0.03164457	-0.03510186	-0.02598238	-0.03158367
-0.03436066	-0.03165864	-0.03511331	-0.02599066	-0.03158902
-0.03437958	-0.03167252	-0.03512454	-0.02599889	-0.03159409
-0.03440006	-0.03168612	-0.03513551	-0.02600701	-0.03159885
-0.03441834	-0.0316994	-0.03514434	-0.02601498	-0.03160327
-0.03443643	-0.03171229	-0.03515305	-0.02602276	-0.03160733
-0.03445421	-0.03172679	-0.0351616	-0.0260303	-0.031611
-0.03447366	-0.03174103	-0.03516994	-0.02603755	-0.03161243
-0.03449287	-0.03175311	-0.03518008	-0.02604447	-0.0316155
-0.03451174	-0.03176506	-0.03519016	-0.02605309	-0.03162017
-0.03453018	-0.0317768	-0.03520013	-0.02606155	-0.0316246
-0.03454836	-0.03178828	-0.03520995	-0.02606615	-0.03162147
-0.03456644	-0.0318015	-0.03521957	-0.02607101	-0.0316154
-0.03458431	-0.03181457	-0.03522894	-0.02607605	-0.03161595
-0.0346019	-0.03182745	-0.03523802	-0.02608125	-0.03161869
-0.0346191	-0.03184006	-0.03524676	-0.02608654	-0.03162149
-0.03463791	-0.03185236	-0.03525511	-0.02609369	-0.03162615
-0.03465642	-0.03186428	-0.03526511	-0.02610266	-0.03163058
-0.0346727	-0.03187576	-0.0352749	-0.02611158	-0.03163473
-0.03468876	-0.03188882	-0.03528443	-0.02612042	-0.03164066
-0.03470657	-0.03190159	-0.03529366	-0.02612731	-0.03164654
-0.03472424	-0.03191401	-0.03530255	-0.02613428	-0.03164868
-0.03474166	-0.0319242	-0.03530925	-0.02613946	-0.03164939
-0.03475875	-0.03193418	-0.03531578	-0.02613758	-0.03163427
-0.03477543	-0.0319439	-0.0353221	-0.02613687	-0.03162195
-0.03479369	-0.0319533	-0.03533023	-0.02613725	-0.03161778
-0.03480981	-0.03196438	-0.03533832	-0.02614255	-0.03162094
-0.03482577	-0.03197528	-0.03534632	-0.02614879	-0.03162877
-0.0348415	-0.03198595	-0.0353542	-0.02615774	-0.03163891
-0.03485689	-0.03199633	-0.03536191	-0.02616726	-0.03165288
-0.03487396	-0.03200636	-0.03536942	-0.02617911	-0.0316665
-0.03489079	-0.032016	-0.03537669	-0.02619117	-0.03168365
-0.0349073	-0.03202727	-0.03538367	-0.0262052	-0.03170041
-0.03492341	-0.03203831	-0.03539033	-0.02621908	-0.0317186
-0.03493723	-0.03204905	-0.03539871	-0.02623277	-0.03173612
-0.03495282	-0.03205946	-0.03540695	-0.02625013	-0.03175298
-0.03496828	-0.03206767	-0.03541501	-0.02626721	-0.03176916
-0.03498353	-0.0320757	-0.03542287	-0.02628398	-0.03178674
-0.03499849	-0.0320835	-0.03543048	-0.02630042	-0.03180364
-0.03501308	-0.03209103	-0.03543782	-0.02631648	-0.0318196
-0.0350293	-0.03210029	-0.03544486	-0.02633397	-0.03183464
-0.03504526	-0.03210942	-0.03545155	-0.02635077	-0.03184874
-0.03506088	-0.03211838	-0.03545788	-0.02636686	-0.0318619
-0.03507426	-0.03212712	-0.0354638	-0.02638221	-0.03187413
-0.0350874	-0.03213559	-0.03546929	-0.0263968	-0.03188361
-0.03510231	-0.03214375	-0.03547455	-0.02641061	-0.03189421
-0.03511708	-0.03215155	-0.03547982	-0.02642359	-0.03190388
-0.03513165	-0.03216103	-0.03548506	-0.02643782	-0.03191079
-0.03514594	-0.03217031	-0.03549024	-0.02645143	-0.03191882
-0.03515987	-0.03217937	-0.03549533	-0.02646442	-0.03192591
-0.03517338	-0.03218816	-0.03550028	-0.02647676	-0.03193205
-0.03518847	-0.03219663	-0.03550508	-0.02648843	-0.03193725
-0.03520143	-0.03220476	-0.03550967	-0.02649942	-0.0319415
-0.03521426	-0.0322125	-0.03551405	-0.02650969	-0.0319448
-0.03522689	-0.03221798	-0.03551816	-0.02651925	-0.03194715
-0.03523924	-0.03222325	-0.03552406	-0.02652805	-0.03194856
-0.03525333	-0.03223215	-0.03552989	-0.02653609	-0.0319472
-0.03526726	-0.03224076	-0.03553563	-0.02654334	-0.03194513
-0.03528097	-0.03224721	-0.03554125	-0.02654979	-0.03194236
-0.03529438	-0.03225354	-0.03554673	-0.02655541	-0.0319407
-0.03530745	-0.03225971	-0.03555204	-0.02655836	-0.03193807
-0.03531826	-0.03226568	-0.03555715	-0.0265607	-0.03193656
-0.03533092	-0.03227142	-0.03556203	-0.02656239	-0.03193251
-0.03534352	-0.03227688	-0.03556667	-0.02656341	-0.03192983
-0.035356	-0.0322841	-0.03557103	-0.02656581	-0.03192645
-0.03536831	-0.03229123	-0.03557508	-0.02656774	-0.03192239
-0.03538036	-0.03229823	-0.03558089	-0.0265692	-0.03191763
-0.03539209	-0.03230507	-0.0355866	-0.02657015	-0.03191219
-0.03540552	-0.03231172	-0.0355922	-0.02657057	-0.03190608
-0.03541876	-0.03231813	-0.03559766	-0.02657046	-0.0318993
-0.03543176	-0.03232429	-0.03560296	-0.02656978	-0.03189186
-0.03544263	-0.03233016	-0.0356081	-0.02656852	-0.03188376
-0.03545338	-0.0323357	-0.03561304	-0.02656666	-0.03187502
-0.03546394	-0.03234296	-0.03561776	-0.02656418	-0.03186563
-0.03547633	-0.03235009	-0.03562225	-0.02656106	-0.03185562
-0.03548867	-0.03235706	-0.03562649	-0.02655727	-0.03184497
-0.03550089	-0.03236384	-0.03563046	-0.02655281	-0.03183371
-0.03551294	-0.03237042	-0.03563413	-0.02654972	-0.03182182
-0.03552475	-0.03237676	-0.03563749	-0.02654617	-0.03180933
-0.03553627	-0.03238283	-0.03564052	-0.02654215	-0.03179624
-0.03554744	-0.03238862	-0.03564319	-0.02653764	-0.03178438
-0.03556027	-0.03239409	-0.03564758	-0.02653264	-0.03177168
-0.03557107	-0.03239922	-0.03565183	-0.02652711	-0.03175816
-0.03558186	-0.03240398	-0.03565593	-0.02652107	-0.03174383
-0.03559257	-0.03240835	-0.03565988	-0.02651448	-0.03173079
-0.03560314	-0.03241437	-0.03566366	-0.02650735	-0.03171514
-0.03561352	-0.0324202	-0.03566725	-0.02649782	-0.03169873
-0.03562365	-0.03242583	-0.03567065	-0.02648796	-0.03168157
-0.03563554	-0.03243123	-0.03567383	-0.0264819	-0.03167199
-0.03564732	-0.03243639	-0.0356768	-0.02647599	-0.03166687
-0.03565893	-0.03244128	-0.03567952	-0.02647023	-0.0316564
-0.03567033	-0.03244588	-0.035682	-0.02646459	-0.031644
-0.03568146	-0.03245018	-0.03568421	-0.02645909	-0.03163152
-0.03569227	-0.03245415	-0.03568615	-0.02645163	-0.03161691
-0.0357027	-0.03245778	-0.0356878	-0.02644402	-0.03160201
-0.03571296	-0.03245921	-0.03568914	-0.02643626	-0.03158684
-0.03572325	-0.03246051	-0.03569017	-0.02642833	-0.03157144
-0.0357335	-0.03246165	-0.03569087	-0.02642229	-0.03155762
-0.03574368	-0.03246259	-0.03569123	-0.02641631	-0.03154751
-0.03575373	-0.0324654	-0.03569331	-0.02641247	-0.03153957
-0.0357636	-0.03246822	-0.03569528	-0.02641724	-0.03155072
-0.03577322	-0.03247104	-0.03569714	-0.02642337	-0.03156283
-0.03578256	-0.03247383	-0.03569888	-0.02643087	-0.03157365
-0.03579363	-0.03247658	-0.03570049	-0.02643769	-0.03158043
-0.03580457	-0.03247927	-0.03570196	-0.02644568	-0.03158457
-0.03581533	-0.03248188	-0.03570329	-0.02645278	-0.03158768
-0.03582586	-0.03248438	-0.03570447	-0.02646083	-0.03158748
-0.03583612	-0.03248677	-0.0357055	-0.02646775	-0.03158765
-0.03584606	-0.03248901	-0.03570637	-0.02647539	-0.03158615
-0.03585563	-0.03249109	-0.03570707	-0.02648168	-0.03158665
-0.03586297	-0.03249299	-0.0357076	-0.02648843	-0.0315832
-0.03587218	-0.03249469	-0.03570794	-0.02649382	-0.03157973
-0.03588138	-0.03249617	-0.0357081	-0.02649967	-0.03157626
-0.03589053	-0.03249949	-0.03570806	-0.02650572	-0.03157281
-0.03589959	-0.03250463	-0.03570782	-0.02651197	-0.03157121
-0.03590851	-0.03250951	-0.03570738	-0.02651658	-0.03156553
-0.03591723	-0.03251413	-0.03570673	-0.02652344	-0.03156148
-0.03592573	-0.03251847	-0.03570585	-0.02652839	-0.03155703
-0.03593395	-0.03252253	-0.03570474	-0.02653142	-0.03154672
-0.03594184	-0.03252631	-0.0357034	-0.02653459	-0.03154041
-0.03595144	-0.0325298	-0.03570183	-0.02653786	-0.03153582
-0.03596088	-0.03253298	-0.035700	-0.02654124	-0.03153294
-0.03597012	-0.03253586	-0.035700	-0.02654469	-0.03152972
-0.03597912	-0.03253843	-0.035700	-0.02654819	-0.03152595
-0.03598785	-0.03254068	-0.035700	-0.02655173	-0.03152373
-0.03599627	-0.03254261	-0.035700	-0.02655529	-0.03151918
-0.0360025	-0.0325442	-0.035700	-0.02655884	-0.03151415
-0.03600859	-0.03254545	-0.035700	-0.02656237	-0.03150868
-0.03601448	-0.03254636	-0.035700	-0.02656221	-0.03148819
-0.03602221	-0.03254691	-0.035700	-0.02656066	-0.0314711
-0.03602991	-0.03254711	-0.035700	-0.02655975	-0.03145897
-0.03603755	-0.03254902	-0.03570183	-0.02656127	-0.03145128
-0.03604508	-0.03255082	-0.0357034	-0.0265631	-0.03144753
-0.03605247	-0.03255042	-0.03570474	-0.02656705	-0.03144749
-0.03605967	-0.03254966	-0.03570585	-0.02657101	-0.03144729
-0.03606665	-0.0325506	-0.03570673	-0.02657494	-0.03144879
-0.03607337	-0.03255141	-0.03570738	-0.02658066	-0.03144787
-0.03607978	-0.0325521	-0.03570782	-0.02658813	-0.03144638
-0.03608793	-0.03255266	-0.03570806	-0.02659553	-0.03144619
-0.03609596	-0.0325531	-0.0357081	-0.02660283	-0.03144733
-0.03610384	-0.03255341	-0.03570794	-0.02661002	-0.03144595
-0.03611152	-0.0325536	-0.0357076	-0.02661893	-0.03144392
-0.03611899	-0.03255366	-0.03570707	-0.02662745	-0.03144127
-0.0361262	-0.0325536	-0.03570637	-0.0266356	-0.03143803
-0.03613313	-0.03255341	-0.0357055	-0.02664152	-0.03143244
-0.03613974	-0.0325531	-0.03570447	-0.02664729	-0.03142659
-0.036146	-0.03255266	-0.03570329	-0.02665473	-0.03142234
-0.03615187	-0.0325521	-0.03570196	-0.02665991	-0.03141766
-0.03615758	-0.03255141	-0.03570049	-0.02665944	-0.03139617
-0.03616334	-0.0325506	-0.03569888	-0.02665951	-0.03138019
-0.03616913	-0.03255149	-0.03569714	-0.02666191	-0.03136921
-0.03617491	-0.032552	-0.03569528	-0.02666454	-0.03136273
-0.03618064	-0.03255216	-0.03569331	-0.02666921	-0.03136026
-0.0361863	-0.03255195	-0.03569123	-0.0266738	-0.03135951
-0.03619185	-0.03255139	-0.03569087	-0.0266783	-0.03135844
-0.03619726	-0.03255048	-0.03569017	-0.0266827	-0.03135708
-0.03620249	-0.03254924	-0.03568914	-0.02668879	-0.03135731
-0.03620752	-0.03254767	-0.0356878	-0.02669449	-0.03135318
-0.0362123	-0.03254577	-0.03568615	-0.02669978	-0.03135046
-0.0362189	-0.03254355	-0.03568421	-0.02670465	-0.03134894
-0.03622544	-0.03254101	-0.035682	-0.02671091	-0.03134657
-0.03623192	-0.03253818	-0.03567952	-0.02671648	-0.03134342
-0.03623829	-0.03253504	-0.0356768	-0.02672134	-0.03133952
-0.03624454	-0.03253161	-0.03567383	-0.02672758	-0.03133491
-0.03625064	-0.0325279	-0.03567065	-0.02673336	-0.03132966
-0.03625656	-0.0325239	-0.03566725	-0.02673869	-0.03132379
-0.03626228	-0.03251964	-0.03566366	-0.02674357	-0.03131736
-0.03626777	-0.0325151	-0.03565988	-0.02674799	-0.0313086
-0.036273	-0.03251031	-0.03565593	-0.02675196	-0.03130143
-0.03627795	-0.03250708	-0.03565365	-0.02675547	-0.03129383
-0.03628258	-0.03250337	-0.03564915	-0.02675853	-0.03128767
-0.03628689	-0.03249918	-0.03564636	-0.02676114	-0.03128093
-0.03629291	-0.03249659	-0.0356432	-0.02676329	-0.03127365
-0.0362988	-0.03249381	-0.0356397	-0.02676499	-0.0312659
-0.03630455	-0.03249086	-0.03563589	-0.02676624	-0.03125563
-0.03631012	-0.03248775	-0.03563178	-0.02676703	-0.03124474
-0.03631551	-0.03248451	-0.03562738	-0.02676737	-0.03123325
-0.03632069	-0.03248115	-0.03562273	-0.02676726	-0.0312194
-0.03632565	-0.0324777	-0.03561784	-0.02676669	-0.03120738
-0.03633035	-0.03247418	-0.03561273	-0.02676567	-0.03119515
-0.03633479	-0.03247059	-0.03560741	-0.02676419	-0.03117886
-0.03633895	-0.03246697	-0.03560192	-0.02675496	-0.03114628
-0.0363428	-0.03246334	-0.03559627	-0.02674444	-0.0311179
-0.03634633	-0.0324597	-0.03559229	-0.02673285	-0.03108798
-0.03634951	-0.03245609	-0.03558795	-0.02672222	-0.03106612
-0.0363505	-0.03245252	-0.03558327	-0.02670887	-0.03104059
-0.03635135	-0.03245084	-0.03557827	-0.02669873	-0.03102464
-0.03635411	-0.032449	-0.03557299	-0.02669149	-0.03101543
-0.03635695	-0.03244702	-0.03556744	-0.02668895	-0.03101063
-0.03635983	-0.03244492	-0.03556165	-0.02668691	-0.03100795
-0.03636274	-0.03244274	-0.03555565	-0.02668693	-0.03101082
-0.03636567	-0.03243842	-0.03554947	-0.02668691	-0.03101097
-0.03636858	-0.03243382	-0.03554313	-0.02669073	-0.03101235
-0.03637146	-0.03242893	-0.03553666	-0.0266924	-0.03101111
-0.0363743	-0.0324238	-0.03553009	-0.02669556	-0.03101095
-0.03637706	-0.03241843	-0.03552526	-0.0267002	-0.03101608
-0.03637974	-0.03241285	-0.03552013	-0.02670632	-0.03101694
-0.03638231	-0.03240707	-0.03551474	-0.02671186	-0.03101698
-0.03638474	-0.03240112	-0.03550911	-0.02671681	-0.03101602
-0.03638704	-0.03239501	-0.03550328	-0.02672119	-0.03101202
-0.03638916	-0.0323906	-0.03549728	-0.02672683	-0.03100688
-0.0363911	-0.03238582	-0.03549115	-0.02673166	-0.03100063
-0.03639283	-0.03238071	-0.03548491	-0.02673569	-0.03099334
-0.03639641	-0.03237528	-0.03547861	-0.02673893	-0.03098506
-0.036400	-0.03236958	-0.03547227	-0.02674141	-0.03097584
-0.03640359	-0.03236362	-0.03546593	-0.02674729	-0.03098235
-0.03640717	-0.03235743	-0.03545962	-0.02675685	-0.03098803
-0.03641073	-0.03235104	-0.03545519	-0.02676622	-0.03099247
-0.03641424	-0.03234446	-0.03544854	-0.02677338	-0.03099317
-0.0364177	-0.03233774	-0.03544151	-0.02678016	-0.0309897
-0.0364211	-0.03233089	-0.03543415	-0.02678454	-0.03098371
-0.03642442	-0.03232577	-0.03542648	-0.02678835	-0.03097709
-0.03642764	-0.03232032	-0.03541853	-0.02679164	-0.0309678
-0.03643077	-0.0323146	-0.03541035	-0.02679234	-0.03095773
-0.03643377	-0.03230862	-0.03540196	-0.0267923	-0.03094693
-0.03643664	-0.03230242	-0.03539339	-0.02679154	-0.03093337
-0.03643936	-0.03229603	-0.03538469	-0.02679008	-0.03091893
-0.03644193	-0.03228949	-0.0353777	-0.02678794	-0.03090365
-0.03644433	-0.03228282	-0.03537038	-0.02678306	-0.03088758
-0.03644654	-0.03227607	-0.03536279	-0.02677728	-0.03087259
-0.03644855	-0.03226926	-0.03535495	-0.02677061	-0.03085665
-0.03645036	-0.03226243	-0.03534691	-0.02676515	-0.03084189
-0.03645194	-0.03225743	-0.0353387	-0.02675908	-0.03082291
-0.03645329	-0.03225223	-0.03533037	-0.02674853	-0.03079634
-0.03645438	-0.03224686	-0.03532196	-0.02673766	-0.03076662
-0.03645729	-0.03224137	-0.03531349	-0.02673113	-0.0307566
-0.03646018	-0.03223579	-0.03530502	-0.02672558	-0.03075126
-0.03646306	-0.03222809	-0.03529841	-0.02672076	-0.03074575
-0.03646589	-0.03222013	-0.03529162	-0.02671461	-0.03073208
-0.0364687	-0.03221193	-0.03528471	-0.02670717	-0.03071965
-0.03647146	-0.03220353	-0.03527771	-0.02670206	-0.03070957
-0.03647418	-0.03219496	-0.0352686	-0.02669724	-0.03070136
-0.03647683	-0.03218626	-0.03525924	-0.02669454	-0.03069483
-0.03647943	-0.03217928	-0.03524967	-0.02669165	-0.03069133
-0.03648195	-0.03217198	-0.03523993	-0.02669381	-0.03070503
-0.0364844	-0.03216441	-0.03523006	-0.02669848	-0.03071529
-0.03648677	-0.0321566	-0.03522009	-0.02670519	-0.0307199
-0.03649087	-0.0321486	-0.0352119	-0.0267078	-0.0307208
-0.03649281	-0.03214043	-0.03520344	-0.02670816	-0.03071266
-0.03649647	-0.03213215	-0.03519478	-0.02670453	-0.03069086
-0.03649979	-0.03212379	-0.03518594	-0.02669721	-0.03066612
-0.03650276	-0.03211539	-0.03517699	-0.02668832	-0.0306442
-0.03650538	-0.03210699	-0.03516796	-0.02667791	-0.03062287
-0.03650765	-0.03210045	-0.03515889	-0.02666602	-0.03060012
-0.03650957	-0.03209375	-0.03514985	-0.0266527	-0.03057811
-0.03651115	-0.03208692	-0.03514087	-0.026638	-0.03055119
-0.03651238	-0.03207794	-0.03512991	-0.02662196	-0.03052516
-0.03651325	-0.03206867	-0.03512276	-0.02660462	-0.03049595
-0.03651378	-0.03205916	-0.03511347	-0.02658604	-0.03046545
-0.03651396	-0.03204943	-0.03510393	-0.02656626	-0.03043375
-0.03651379	-0.03203953	-0.03509417	-0.02654351	-0.03039907
-0.03651328	-0.0320295	-0.03508424	-0.02650894	-0.03034168
-0.03651242	-0.0320212	-0.0350742	-0.02647503	-0.03029197
-0.0365112	-0.0320126	-0.03506408	-0.02643265	-0.0302145
-0.03650964	-0.03200375	-0.03505392	-0.02638669	-0.03014452
-0.03650773	-0.03199469	-0.03504378	-0.02634515	-0.03009653
-0.03650547	-0.03198547	-0.03503554	-0.02630043	-0.03003693
-0.03650286	-0.03197614	-0.03502715	-0.02626054	-0.02999712
-0.03649991	-0.03196674	-0.03501868	-0.02623528	-0.02999061
-0.0364966	-0.03195731	-0.03501017	-0.02621892	-0.02999195
-0.03649295	-0.0319479	-0.03499961	-0.02620937	-0.03000463
-0.03648895	-0.03194039	-0.03498885	-0.0262064	-0.03001837
-0.03648668	-0.03193275	-0.03497796	-0.02621185	-0.03004263
-0.03648432	-0.03192296	-0.03496697	-0.0262198	-0.03006142
-0.03648188	-0.03191287	-0.03495594	-0.02622978	-0.03007957
-0.03647935	-0.03190255	-0.03494672	-0.0262395	-0.03009457
-0.03647677	-0.03189203	-0.0349373	-0.02625058	-0.03010991
-0.03647412	-0.03188137	-0.03492773	-0.02626256	-0.03011917
-0.03647141	-0.0318706	-0.03491806	-0.02627521	-0.03012788
-0.03646866	-0.03185977	-0.03490834	-0.02628833	-0.03013794
-0.03646586	-0.03184894	-0.03489864	-0.02630169	-0.03014733
-0.03646303	-0.03183997	-0.03488899	-0.02631509	-0.03015403
-0.03646016	-0.03183083	-0.03487737	-0.02632831	-0.03015993
-0.03645727	-0.03182158	-0.03486566	-0.0263375	-0.03016145
-0.0364562	-0.03181227	-0.0348539	-0.02634657	-0.03015888
-0.03645486	-0.03180296	-0.03484213	-0.02635556	-0.03015797
-0.03645328	-0.03179369	-0.03483224	-0.02636631	-0.03015852
-0.03645147	-0.03178245	-0.03482219	-0.0263747	-0.03016033
-0.03644945	-0.03177109	-0.03481202	-0.02638259	-0.03016135
-0.03644722	-0.03176149	-0.03480181	-0.02639182	-0.03016166
-0.0364448	-0.03175164	-0.0347916	-0.02640035	-0.03016311
-0.0364422	-0.03174157	-0.03478144	-0.02640822	-0.0301637
-0.03644674	-0.03173135	-0.03477139	-0.02641545	-0.03016349
-0.03644832	-0.03172101	-0.03476149	-0.026420	-0.03016253
-0.03644721	-0.03171063	-0.03474972	-0.02642372	-0.03015698
-0.03644554	-0.03170025	-0.03473979	-0.02642664	-0.03015079
-0.03644332	-0.03168992	-0.03472966	-0.02643061	-0.03014583
-0.03643876	-0.03168152	-0.03471938	-0.02643358	-0.03014007
-0.03643395	-0.03167095	-0.03470901	-0.02643559	-0.03013357
-0.03642891	-0.03166009	-0.0346986	-0.02643667	-0.03012638
-0.03642367	-0.031649	-0.03468821	-0.02643685	-0.03011855
-0.03641823	-0.03163772	-0.03467787	-0.02643616	-0.03011196
-0.03641263	-0.03162631	-0.03466766	-0.02643465	-0.03010459
-0.03640689	-0.03161483	-0.03465762	-0.02643233	-0.03009651
-0.03640101	-0.03160331	-0.03464755	-0.02642925	-0.03008776
-0.03639503	-0.03159365	-0.03463725	-0.02642726	-0.03007841
-0.03638896	-0.03158382	-0.03462677	-0.02642433	-0.03006643
-0.03638281	-0.03157388	-0.03461617	-0.02642048	-0.03005372
-0.03637662	-0.03156389	-0.03460549	-0.02641577	-0.03004032
-0.0363704	-0.03155183	-0.0345948	-0.02641023	-0.03003043
-0.03636417	-0.03153959	-0.03458413	-0.02640233	-0.03002124
-0.03635795	-0.0315272	-0.03457356	-0.02639469	-0.03001407
-0.03635176	-0.03151473	-0.03456312	-0.02639149	-0.03001315
-0.03634562	-0.03150405	-0.03455469	-0.02638888	-0.03000999
-0.03633955	-0.03149315	-0.03454419	-0.02638482	-0.0300078
-0.03633356	-0.03148207	-0.03453348	-0.02638509	-0.03001263
-0.03632769	-0.03147089	-0.03452262	-0.02638584	-0.03001675
-0.03632194	-0.03145966	-0.03451166	-0.02638503	-0.03001766
-0.03631634	-0.03144844	-0.03450066	-0.02638454	-0.03001701
-0.03631091	-0.03143729	-0.03448966	-0.02638234	-0.03001641
-0.03630567	-0.03142418	-0.03447872	-0.02638003	-0.03000944
-0.03630063	-0.03141283	-0.0344679	-0.02637118	-0.02998292
-0.03629764	-0.03140122	-0.03445723	-0.02635711	-0.02995116
-0.03629466	-0.03138939	-0.03444861	-0.02633733	-0.0299178
-0.03628962	-0.03137742	-0.03443794	-0.02631549	-0.02988073
-0.03628646	-0.03136536	-0.03442708	-0.02629157	-0.02984618
-0.03628128	-0.03135327	-0.03441611	-0.02626947	-0.02982112
-0.03627595	-0.03134121	-0.03440505	-0.02624738	-0.02979673
-0.03627048	-0.03132924	-0.03439399	-0.02622348	-0.02976708
-0.03626488	-0.03131924	-0.03438295	-0.02619778	-0.02973377
-0.03625918	-0.03130713	-0.03437199	-0.0261703	-0.02969866
-0.0362534	-0.03129478	-0.03436118	-0.02614105	-0.02966358
-0.03624756	-0.03128226	-0.03435056	-0.02611004	-0.02962858
-0.03624167	-0.03126962	-0.034342	-0.02607912	-0.0295898
-0.03623577	-0.03125692	-0.03433142	-0.02604622	-0.02954908
-0.03622985	-0.03124423	-0.03432068	-0.02601137	-0.02950646
-0.03622396	-0.0312316	-0.03430985	-0.02597275	-0.02946016
-0.0362181	-0.03122092	-0.03429897	-0.02592725	-0.0293961
-0.03621412	-0.03121017	-0.0342881	-0.02590292	-0.02938552
-0.03620997	-0.03119735	-0.03427728	-0.02588033	-0.02937108
-0.03620568	-0.03118433	-0.03426658	-0.02585872	-0.02935489
-0.03620127	-0.03117117	-0.03425605	-0.02584751	-0.02936194
-0.03619676	-0.03115794	-0.03424573	-0.02583898	-0.02936254
-0.03619219	-0.0311447	-0.03423542	-0.02583922	-0.02938521
-0.03618758	-0.03113332	-0.03422493	-0.0258426	-0.02940438
-0.03618296	-0.03112179	-0.03421431	-0.02584668	-0.02941454
-0.03617835	-0.03111019	-0.03420362	-0.02584897	-0.02942416
-0.03617378	-0.03109857	-0.03419289	-0.02585844	-0.02944695
-0.03616928	-0.03108493	-0.03418219	-0.02586457	-0.02946021
-0.03616486	-0.03107115	-0.03417157	-0.02586904	-0.02946431
-0.03616057	-0.03105729	-0.03416108	-0.02587169	-0.02946352
-0.03615825	-0.0310434	-0.03415078	-0.02587236	-0.02945794
-0.03615585	-0.03103137	-0.03413863	-0.02587296	-0.02945154
-0.0361534	-0.03101919	-0.03412652	-0.0258715	-0.0294405
-0.03615095	-0.03100693	-0.0341163	-0.02586781	-0.02943062
-0.03614852	-0.03099464	-0.03410596	-0.02586377	-0.02941806
-0.03614615	-0.03098241	-0.03409555	-0.02585739	-0.02940289
-0.03614386	-0.03097028	-0.03408512	-0.02585056	-0.02938699
-0.0361417	-0.03095626	-0.03407472	-0.02584126	-0.02937043
-0.03613969	-0.03094221	-0.0340644	-0.02583138	-0.02935326
-0.03613787	-0.03093004	-0.03405423	-0.02582123	-0.02933969
-0.03613601	-0.03091772	-0.03404424	-0.02581113	-0.02932823
-0.0361339	-0.03090532	-0.0340345	-0.02580112	-0.02931506
-0.03613158	-0.03089291	-0.03402298	-0.0257892	-0.02929816
-0.03612906	-0.03088055	-0.03401336	-0.02577724	-0.02928125
-0.03612639	-0.03086831	-0.03400364	-0.02576529	-0.02926414
-0.0361236	-0.03085417	-0.03399386	-0.02575133	-0.02924687
-0.03612072	-0.03084003	-0.03398407	-0.02573723	-0.02922744
-0.03611779	-0.03082776	-0.03397433	-0.02572303	-0.02920407
-0.03610651	-0.03081535	-0.03396469	-0.02570696	-0.02918096
-0.03609629	-0.03080287	-0.0339552	-0.02569113	-0.02915814
-0.03608739	-0.03079038	-0.03394591	-0.02567559	-0.02913773
-0.03607981	-0.03077796	-0.0339348	-0.02566037	-0.02911979
-0.03607152	-0.03076565	-0.03392374	-0.0256343	-0.02907101
-0.03606462	-0.03075146	-0.03391277	-0.02560961	-0.02903917
-0.03605732	-0.03073727	-0.03390377	-0.02558813	-0.02901519
-0.03604964	-0.03072496	-0.03389472	-0.02556776	-0.02899832
-0.03604163	-0.03071251	-0.03388565	-0.02555036	-0.02898417
-0.0360333	-0.030700	-0.03387663	-0.02553568	-0.02897046
-0.03602471	-0.03068749	-0.03386771	-0.02552348	-0.02895877
-0.03601587	-0.03067504	-0.03385894	-0.02551171	-0.0289489
-0.03600866	-0.03066273	-0.0338483	-0.02549676	-0.02892423
-0.03600102	-0.03064854	-0.03383766	-0.02548801	-0.02891778
-0.035993	-0.03063435	-0.03382705	-0.025479	-0.0289109
-0.03598464	-0.03062205	-0.03381654	-0.02546978	-0.02890549
-0.03597597	-0.03060962	-0.03380616	-0.02546036	-0.02889951
-0.03596705	-0.03059713	-0.03379596	-0.02545262	-0.02889303
-0.0359579	-0.03058465	-0.03378781	-0.02544867	-0.02889234
-0.03594856	-0.03057224	-0.03377969	-0.02544698	-0.0288962
-0.03593909	-0.03055997	-0.03377165	-0.02544554	-0.0288969
-0.03593133	-0.03054583	-0.03376166	-0.02544416	-0.02889608
-0.03592325	-0.03053169	-0.0337516	-0.0254429	-0.0288954
-0.03591492	-0.03051945	-0.0337415	-0.02543973	-0.02889467
-0.03590636	-0.03050709	-0.03373143	-0.02543653	-0.02889005
-0.03589763	-0.03049468	-0.03372141	-0.02543519	-0.02888735
-0.03588877	-0.03048228	-0.0337115	-0.02543367	-0.02888453
-0.03587982	-0.03046996	-0.03370175	-0.02543205	-0.02887961
-0.03587084	-0.03045779	-0.0336922	-0.0254283	-0.02887262
-0.0358637	-0.03044375	-0.03368472	-0.02542431	-0.02886753
-0.03585429	-0.03042972	-0.03367729	-0.02542011	-0.02886232
-0.03584448	-0.03041759	-0.03366787	-0.02541577	-0.02885497
-0.03583431	-0.03040536	-0.03365835	-0.02541134	-0.02884735
-0.03582384	-0.03039307	-0.03364877	-0.02540869	-0.02883953
-0.03581312	-0.03038081	-0.03363917	-0.02540373	-0.02883154
-0.03580217	-0.03036863	-0.0336296	-0.02539652	-0.02881981
-0.03579106	-0.0303566	-0.0336201	-0.02538734	-0.02880669
-0.03578166	-0.03034272	-0.03361073	-0.02538015	-0.02879611
-0.03577193	-0.03032885	-0.03360152	-0.02537291	-0.02878971
-0.03576193	-0.03031507	-0.03359253	-0.02536566	-0.02877946
-0.03575172	-0.03030325	-0.0335838	-0.02535846	-0.02876748
-0.03574134	-0.03029139	-0.03357329	-0.02534926	-0.02875771
-0.03573084	-0.03027955	-0.03356471	-0.02533994	-0.02874811
-0.03572029	-0.03026779	-0.033556	-0.02533054	-0.02873872
-0.03570974	-0.03025618	-0.03354723	-0.02532317	-0.02873167
-0.03570105	-0.03024272	-0.03353844	-0.02532436	-0.02874776
-0.03569014	-0.03022927	-0.03352966	-0.02531651	-0.02873381
-0.03567888	-0.03021591	-0.03352096	-0.02530851	-0.02871901
-0.03566732	-0.03020269	-0.03351237	-0.02529594	-0.02869518
-0.03565552	-0.03019149	-0.03350395	-0.02529338	-0.02870515
-0.03564353	-0.03018031	-0.03349572	-0.0252884	-0.02870798
-0.0356314	-0.03016921	-0.03348568	-0.02528494	-0.02871282
-0.03561918	-0.03015617	-0.03347568	-0.02528277	-0.02871687
-0.03560876	-0.03014309	-0.03346575	-0.02527959	-0.0287217
-0.03559811	-0.03013001	-0.03345777	-0.02527727	-0.0287232
-0.0355873	-0.03011701	-0.0334497	-0.02526751	-0.0287063
-0.03557637	-0.03010413	-0.03344158	-0.02525943	-0.02869154
-0.0355654	-0.03009144	-0.03343347	-0.02525097	-0.02868329
-0.03555443	-0.03008082	-0.03342541	-0.02524213	-0.02867788
-0.03554146	-0.03007026	-0.03341744	-0.02523292	-0.02867167
-0.03553018	-0.03005774	-0.03340962	-0.02522518	-0.02866672
-0.03551857	-0.03004516	-0.03340198	-0.02521682	-0.02866489
-0.0355067	-0.03003257	-0.0333925	-0.02520788	-0.02865837
-0.03549462	-0.03002002	-0.03338303	-0.02519652	-0.02864768
-0.03548239	-0.03000759	-0.03337363	-0.02518668	-0.02863905
-0.03547007	-0.02999532	-0.03336433	-0.02517628	-0.02863222
-0.03545773	-0.02998328	-0.03335698	-0.02516533	-0.02862695
-0.03544541	-0.02997335	-0.03334957	-0.02515385	-0.02861571
-0.03543501	-0.02996144	-0.03334214	-0.02514393	-0.02861018
-0.03542243	-0.02994944	-0.03333473	-0.02513558	-0.02860598
-0.03540956	-0.0299374	-0.03332739	-0.02512676	-0.02860287
-0.03539645	-0.02992538	-0.03332016	-0.0251175	-0.0285954
-0.03538317	-0.02991345	-0.03331102	-0.02510781	-0.02858775
-0.03536978	-0.02990165	-0.03330182	-0.02509773	-0.02857784
-0.03535815	-0.02989006	-0.03329261	-0.02508911	-0.02857507
-0.03534629	-0.02987873	-0.03328343	-0.0250799	-0.02857114
-0.03533424	-0.02986564	-0.03327431	-0.02507195	-0.02857209
-0.03532208	-0.02985449	-0.0332653	-0.02506714	-0.02857405
-0.03530987	-0.02984326	-0.03325643	-0.02506162	-0.028575
-0.03529769	-0.02983202	-0.03324958	-0.02505542	-0.02857502
-0.03528351	-0.02982082	-0.03324269	-0.02505045	-0.02857207
-0.03527105	-0.02980973	-0.03323583	-0.02505505	-0.0286031
-0.03525829	-0.02979879	-0.03322905	-0.02505839	-0.02861335
-0.03524531	-0.02978808	-0.03322029	-0.02506236	-0.02862711
-0.03523216	-0.02977556	-0.03321144	-0.0250668	-0.02863542
-0.03521891	-0.02976313	-0.03320253	-0.02507155	-0.02864357
-0.03520562	-0.02975265	-0.0331936	-0.02507434	-0.02864746
-0.0351942	-0.02974211	-0.03318469	-0.02507503	-0.02865082
-0.03518263	-0.02973156	-0.03317584	-0.02507549	-0.02864772
-0.0351689	-0.02972108	-0.03316709	-0.02507996	-0.0286608
-0.03515491	-0.0297107	-0.03315847	-0.02507657	-0.02865868
-0.03514072	-0.0297005	-0.03315004	-0.02507449	-0.02865939
-0.0351264	-0.02968846	-0.03314364	-0.02506988	-0.02865493
-0.03511202	-0.02967645	-0.03313726	-0.02506672	-0.02865107
-0.03509946	-0.02966452	-0.03313093	-0.02506091	-0.02864577
-0.03508672	-0.02965274	-0.03312263	-0.02505068	-0.02862813
-0.03507387	-0.02964114	-0.03311421	-0.02504206	-0.02861245
-0.03506098	-0.02963161	-0.03310572	-0.02502913	-0.02859666
-0.03504606	-0.02962213	-0.0330972	-0.02500487	-0.02855159
-0.03503098	-0.02961276	-0.03308868	-0.02497628	-0.02850466
-0.03501764	-0.02960148	-0.03308021	-0.0249514	-0.02847815
-0.03500404	-0.02959017	-0.03307183	-0.02493179	-0.0284627
-0.03499024	-0.02957888	-0.03306357	-0.02491121	-0.02844607
-0.03497632	-0.02956765	-0.03305547	-0.02489331	-0.02843554
-0.03496235	-0.02955656	-0.03304758	-0.02487966	-0.02843032
-0.0349484	-0.02954564	-0.03303994	-0.02486793	-0.0284263
-0.03493247	-0.02953677	-0.03303232	-0.02485973	-0.02842504
-0.03491827	-0.02952795	-0.03302452	-0.02485092	-0.02842219
-0.0349038	-0.02951714	-0.03301657	-0.02484337	-0.02841777
-0.03488913	-0.02950622	-0.03300852	-0.02483504	-0.02840999
-0.03487433	-0.02949525	-0.0330004	-0.02482389	-0.02840277
-0.03485948	-0.02948428	-0.03299226	-0.0248136	-0.02839591
-0.03484464	-0.02947337	-0.03298412	-0.02480421	-0.02838786
-0.03483171	-0.02946256	-0.03297605	-0.02479602	-0.02838307
-0.03481663	-0.02945191	-0.03296806	-0.02478518	-0.0283738
-0.03480127	-0.02944146	-0.0329602	-0.02477356	-0.02836348
-0.03478573	-0.02943311	-0.03295252	-0.02476303	-0.02835554
-0.03477005	-0.02942275	-0.03294505	-0.02475157	-0.02834821
-0.03475434	-0.02941225	-0.03293783	-0.02474105	-0.02833947
-0.03474046	-0.02940168	-0.03292881	-0.02472946	-0.02832731
-0.03472644	-0.02939108	-0.03291987	-0.02471685	-0.02831568
-0.03471234	-0.0293805	-0.03291285	-0.02470329	-0.02830256
-0.03469618	-0.02937001	-0.03290572	-0.0246943	-0.02829505
-0.03467984	-0.02935964	-0.03289852	-0.02468373	-0.02828494
-0.0346634	-0.02934947	-0.03289129	-0.02466958	-0.02826865
-0.03464693	-0.02933952	-0.03288407	-0.02467038	-0.02830418
-0.03463232	-0.02932779	-0.03287688	-0.02466126	-0.0282968
-0.03461758	-0.02931614	-0.03286979	-0.02465352	-0.02829481
-0.0346028	-0.02930645	-0.03286282	-0.02464542	-0.0282866
-0.03458803	-0.02929668	-0.03285601	-0.02463864	-0.02828504
-0.0345713	-0.02928689	-0.03284941	-0.02463095	-0.02827986
-0.03455449	-0.02927714	-0.03284098	-0.02462246	-0.02827143
-0.0345395	-0.02926747	-0.03283256	-0.02461145	-0.02825462
-0.03452433	-0.02925794	-0.0328242	-0.02459802	-0.02824149
-0.03450906	-0.0292486	-0.03281593	-0.02458408	-0.02822406
-0.03449378	-0.02923742	-0.03280779	-0.0245679	-0.02820058
-0.03447855	-0.02922628	-0.03279979	-0.02455164	-0.02817735
-0.03446139	-0.02921522	-0.03279199	-0.02453514	-0.02816174
-0.03444601	-0.02920429	-0.03278623	-0.02451824	-0.02814317
-0.0344304	-0.02919537	-0.03278047	-0.02449917	-0.02812199
-0.03441466	-0.02918641	-0.03277477	-0.02448038	-0.02810135
-0.03439887	-0.02917748	-0.03276914	-0.02446191	-0.02808548
-0.03438309	-0.02916863	-0.03276365	-0.02444362	-0.02806799
-0.03436741	-0.02915991	-0.03275624	-0.02442556	-0.02805053
-0.03435373	-0.02914929	-0.03274877	-0.02440783	-0.02803731
-0.03433799	-0.02913866	-0.03274128	-0.0243905	-0.02801882
-0.03432208	-0.02912805	-0.0327338	-0.02437157	-0.02800035
-0.03430608	-0.0291175	-0.03272636	-0.02435112	-0.02797597
-0.03429008	-0.02910707	-0.032719	-0.02433311	-0.02796162
-0.03427415	-0.02909681	-0.03271175	-0.02431554	-0.02794567
-0.03425837	-0.02908674	-0.03270464	-0.02429847	-0.02793027
-0.03424257	-0.02907694	-0.0326977	-0.02427991	-0.02790928
-0.03422657	-0.02906925	-0.03269097	-0.02426175	-0.02788614
-0.03421045	-0.02906167	-0.03268448	-0.02424379	-0.02786638
-0.03419429	-0.02905216	-0.03267826	-0.02422377	-0.02784176
-0.03417818	-0.02904259	-0.03267235	-0.02420358	-0.02781623
-0.03416218	-0.02903301	-0.0326647	-0.02418328	-0.02778985
-0.0341482	-0.02902347	-0.03265898	-0.02415901	-0.02776084
-0.03413218	-0.02901401	-0.03265316	-0.02413474	-0.02772925
-0.03411601	-0.02900468	-0.03264726	-0.02411258	-0.02770734
-0.03409977	-0.02899552	-0.03264132	-0.02408686	-0.02767225
-0.03408355	-0.02898659	-0.03263537	-0.02406152	-0.02763939
-0.03406742	-0.02897792	-0.03262944	-0.0240327	-0.0276028
-0.03405329	-0.02896748	-0.03262357	-0.0240025	-0.02756848
-0.03403708	-0.02895714	-0.03261779	-0.02397849	-0.02754168
-0.0340207	-0.02894877	-0.03261213	-0.02395266	-0.0275144
-0.03400423	-0.02894033	-0.03260662	-0.02392712	-0.02748719
-0.03398774	-0.02893186	-0.0326013	-0.0239019	-0.02745802
-0.03397132	-0.02892342	-0.0325962	-0.02387312	-0.02742096
-0.03395687	-0.02891504	-0.03258928	-0.02384679	-0.0273841
-0.0339424	-0.02890678	-0.03258238	-0.02381904	-0.02734745
-0.03392591	-0.02889868	-0.03257553	-0.0237917	-0.0273126
-0.03390931	-0.02889079	-0.03256876	-0.02377079	-0.02728996
-0.03389268	-0.02888316	-0.0325621	-0.02374487	-0.02726111
-0.03387609	-0.02887374	-0.03255558	-0.02372386	-0.02723597
-0.03385963	-0.02886441	-0.03255103	-0.02371818	-0.02724939
-0.03384519	-0.0288552	-0.03254642	-0.02371929	-0.02727235
-0.03382872	-0.02884616	-0.03254178	-0.02371998	-0.02727903
-0.0338121	-0.02883732	-0.03253714	-0.02371826	-0.02727815
-0.03379543	-0.02883055	-0.03253254	-0.02372172	-0.02728487
-0.03377878	-0.02882382	-0.03252801	-0.0237263	-0.02729072
-0.03376222	-0.02881717	-0.03252358	-0.02373153	-0.02729474
-0.03374767	-0.02881065	-0.03251929	-0.02373696	-0.02730221
-0.03373313	-0.02880222	-0.03251309	-0.02374214	-0.02730487
-0.0337166	-0.02879375	-0.03250682	-0.02374867	-0.02730825
-0.033700	-0.02878529	-0.03250053	-0.02375452	-0.02731238
-0.0336834	-0.02877686	-0.03249423	-0.02376154	-0.02732119
-0.03366687	-0.02876851	-0.03248794	-0.0237716	-0.0273306
-0.03365233	-0.02876028	-0.0324817	-0.02378057	-0.02733832
-0.03363778	-0.02875221	-0.03247554	-0.02379031	-0.02735037
-0.03362122	-0.02874434	-0.03246947	-0.02380268	-0.02736109
-0.03360457	-0.0287367	-0.03246353	-0.02381565	-0.02737626
-0.0335879	-0.02872934	-0.03245774	-0.02382924	-0.02738789
-0.03357128	-0.02872021	-0.03245395	-0.02384143	-0.02739577
-0.03355481	-0.02871301	-0.03245013	-0.02385407	-0.02740567
-0.03354038	-0.02870569	-0.03244628	-0.02386511	-0.02741349
-0.03352391	-0.02869829	-0.03244247	-0.02387824	-0.02742316
-0.03350733	-0.02869085	-0.0324387	-0.02388958	-0.02742717
-0.03349069	-0.02868341	-0.03243296	-0.02390123	-0.02743155
-0.03347409	-0.02867601	-0.03242707	-0.02390699	-0.02742774
-0.0334576	-0.02866868	-0.03242106	-0.02391416	-0.02742669
-0.03344313	-0.02866148	-0.03241498	-0.02392068	-0.0274266
-0.03342868	-0.02865443	-0.03240883	-0.02392657	-0.02742383
-0.03341226	-0.02864759	-0.03240266	-0.02393001	-0.02742073
-0.03339578	-0.02864097	-0.03239647	-0.02393308	-0.02741549
-0.0333793	-0.02863256	-0.03239031	-0.02393579	-0.02741201
-0.03336292	-0.0286242	-0.03238419	-0.02393399	-0.02739992
-0.03334671	-0.02861593	-0.03237814	-0.02393316	-0.02738833
-0.03333258	-0.02860779	-0.0323722	-0.02393121	-0.02737931
-0.03331645	-0.02859979	-0.03236637	-0.02393021	-0.02737728
-0.03330023	-0.02859381	-0.0323607	-0.02392836	-0.02737264
-0.03328399	-0.02858781	-0.03235703	-0.02392566	-0.02736723
-0.03326782	-0.02858181	-0.03235332	-0.02392419	-0.02736551
-0.0332518	-0.02857587	-0.0323496	-0.02392397	-0.02736957
-0.03323782	-0.02857002	-0.0323459	-0.02392085	-0.02736495
-0.03322182	-0.0285643	-0.03234018	-0.02391669	-0.02735688
-0.0332057	-0.02855668	-0.03233429	-0.02391356	-0.02735164
-0.03318955	-0.02854901	-0.03232825	-0.02391174	-0.02735001
-0.03317343	-0.02854132	-0.03232209	-0.02390737	-0.02734061
-0.03315743	-0.02853364	-0.03231585	-0.02390227	-0.02732917
-0.03314163	-0.02852602	-0.03230954	-0.02389647	-0.02731755
-0.03312585	-0.02851847	-0.03230318	-0.02388999	-0.02730942
-0.03310992	-0.02851105	-0.03229682	-0.02388284	-0.0273009
-0.03309431	-0.02850437	-0.03229134	-0.02387283	-0.02728749
-0.0330787	-0.02849774	-0.03228587	-0.02386241	-0.0272738
-0.03306312	-0.02849114	-0.03228039	-0.02385162	-0.02725985
-0.03304755	-0.02848458	-0.03227492	-0.02384049	-0.0272457
-0.03303199	-0.02847805	-0.03226944	-0.02382906	-0.02723137
-0.03301645	-0.02847156	-0.03226396	-0.02381734	-0.02721691
-0.03300092	-0.0284651	-0.03225847	-0.02380538	-0.02720236
-0.0329854	-0.02845868	-0.03225298	-0.0237932	-0.02718775
-0.0329699	-0.02845228	-0.03224748	-0.02378083	-0.02717313
-0.0329544	-0.02844592	-0.03224197	-0.0237683	-0.02715854
-0.03293892	-0.02843958	-0.03223645	-0.02375565	-0.02714402
-0.03292344	-0.02843328	-0.03223091	-0.0237429	-0.0271296
-0.03290797	-0.028427	-0.03222537	-0.02373008	-0.02711533
-0.03289251	-0.02842075	-0.03221981	-0.02371723	-0.02710125
-0.03287706	-0.02841452	-0.03221424	-0.02370436	-0.02708739
-0.03286161	-0.02840832	-0.03220864	-0.02369153	-0.02707379
-0.03284616	-0.02840214	-0.03220304	-0.02367874	-0.0270605
-0.03283072	-0.02839598	-0.03219741	-0.02366605	-0.02704755
-0.03281529	-0.02838985	-0.03219176	-0.02365346	-0.02703499
-0.03279986	-0.02838374	-0.03218609	-0.02364102	-0.02702285
-0.03278442	-0.02837764	-0.0321804	-0.02362876	-0.02701117
-0.03276899	-0.02837157	-0.03217468	-0.02361671	-0.027000
-0.03275356	-0.02836551	-0.03216894	-0.02360488	-0.02698936
-0.03273813	-0.02835947	-0.03216317	-0.02359333	-0.02697931
-0.0327227	-0.02835344	-0.03215738	-0.02358207	-0.02696988
-0.03270726	-0.02834743	-0.03215155	-0.02357114	-0.02696111
-0.03269183	-0.02834143	-0.03214569	-0.02356056	-0.02695304
-0.03267638	-0.02833545	-0.03213981	-0.02355037	-0.02694572
-0.03266094	-0.02832947	-0.03213389	-0.0235406	-0.02693917
-0.03264548	-0.02832351	-0.03212793	-0.02353128	-0.02693344
-0.03263003	-0.02831755	-0.03212194	-0.02352244	-0.02692857
-0.03261456	-0.02831161	-0.03211591	-0.0235141	-0.0269246
-0.03259909	-0.02830567	-0.03210985	-0.0235063	-0.02692157
-0.03258361	-0.02829974	-0.03210375	-0.02349907	-0.02691951
-0.03256812	-0.02829382	-0.0320976	-0.02349244	-0.02691848
-0.03255262	-0.02828789	-0.03209142	-0.02348644	-0.0269185
-0.03253711	-0.02828198	-0.03208519	-0.0234811	-0.02691961
