-0.007370915	-0.006725544	-0.005539513
-0.008523704	-0.00756924	-0.006133311
-0.009643108	-0.008392073	-0.006712523
-0.0107298	-0.009194466	-0.007277474
-0.01178445	-0.009976845	-0.007828493
-0.01280774	-0.01073963	-0.008365905
-0.01380034	-0.01148325	-0.008890039
-0.01476291	-0.01220813	-0.009401222
-0.01569614	-0.01291469	-0.00989978
-0.0166007	-0.01360335	-0.01038604
-0.01747726	-0.01427454	-0.01086033
-0.01832649	-0.01492868	-0.01132298
-0.01914907	-0.0155662	-0.01177431
-0.01994567	-0.01618751	-0.01221466
-0.02071696	-0.01679306	-0.01264434
-0.02146362	-0.01738325	-0.01306369
-0.02218632	-0.01795851	-0.01347304
-0.02288573	-0.01851927	-0.0138727
-0.02356252	-0.01906595	-0.01426301
-0.02421738	-0.01959897	-0.01464429
-0.02485096	-0.02011876	-0.01501688
-0.02546395	-0.02062575	-0.0153811
-0.02605703	-0.02112034	-0.01573727
-0.02663085	-0.02160298	-0.01608573
-0.02718609	-0.02207409	-0.01642679
-0.02772344	-0.02253407	-0.0167608
-0.02824356	-0.02298338	-0.01708807
-0.02874712	-0.02342241	-0.01740893
-0.0292348	-0.02385161	-0.01772371
-0.02970727	-0.02427139	-0.01803274
-0.0301652	-0.02468218	-0.01833634
-0.03060927	-0.0250844	-0.01863484
-0.03104015	-0.02547847	-0.01892857
-0.03145852	-0.02586482	-0.01921786
-0.03186503	-0.02624388	-0.01950303
-0.03226038	-0.02661606	-0.0197844
-0.03264524	-0.0269818	-0.02006232
-0.03302027	-0.02734151	-0.0203371
-0.03338615	-0.02769562	-0.02060907
-0.033614	-0.02792407	-0.02078193
-0.03392534	-0.02821939	-0.02100886
-0.03426798	-0.02854301	-0.02126335
-0.03462756	-0.02887332	-0.02152301
-0.03499767	-0.02922471	-0.02179962
-0.03534789	-0.02958205	-0.0220772
-0.03571205	-0.02996769	-0.02236455
-0.03608058	-0.03034639	-0.02265879
-0.03644895	-0.03072381	-0.0229589
-0.03681815	-0.03109987	-0.02326363
-0.03718503	-0.03147453	-0.02357333
-0.03755014	-0.03184592	-0.02388446
-0.03791403	-0.03221794	-0.02419714
-0.03827498	-0.03258665	-0.02451332
-0.03863308	-0.03295205	-0.02482923
-0.03898872	-0.03331598	-0.02514683
-0.03934229	-0.03367637	-0.02546603
-0.03969396	-0.03403507	-0.02578488
-0.04004182	-0.03439004	-0.02610538
-0.04038609	-0.03475146	-0.02643572
-0.04072697	-0.03507886	-0.02672518
-0.04106651	-0.03539753	-0.02700797
-0.04140287	-0.03572565	-0.02729585
-0.04173423	-0.03604609	-0.02757304
-0.04206035	-0.03636463	-0.02784874
-0.04238723	-0.03668366	-0.0281212
-0.04270943	-0.03699964	-0.02839258
-0.04302909	-0.03731266	-0.0286609
-0.04334833	-0.03762469	-0.0289281
-0.04366335	-0.03793402	-0.02919428
-0.04397631	-0.03824706	-0.02946374
-0.04428731	-0.03855619	-0.02972883
-0.04459646	-0.03886133	-0.02999154
-0.04490207	-0.03916246	-0.03025203
-0.04520818	-0.03946341	-0.0305102
-0.04551104	-0.03976233	-0.03076808
-0.04581263	-0.04005532	-0.03102377
-0.04611105	-0.04034834	-0.03127929
-0.04640856	-0.04063542	-0.03152861
-0.04670536	-0.04092228	-0.03177535
-0.04699956	-0.04120532	-0.03202153
-0.04729322	-0.0414887	-0.03226738
-0.04758448	-0.04177067	-0.03251313
-0.04787357	-0.04204921	-0.03275696
-0.04816256	-0.04232622	-0.03299887
-0.04844962	-0.04260178	-0.03323887
-0.04873684	-0.04287599	-0.03347906
-0.04902034	-0.04314689	-0.03371763
-0.04930403	-0.04341668	-0.03395671
-0.04958795	-0.04367949	-0.03419035
-0.04987032	-0.04394301	-0.03442434
-0.0501512	-0.04420557	-0.03465691
-0.05043064	-0.04446523	-0.0348881
-0.05070871	-0.044724	-0.03511801
-0.05098549	-0.04497996	-0.03534669
-0.05126311	-0.04523513	-0.03557424
-0.05153962	-0.04548763	-0.03580073
-0.05181301	-0.04573948	-0.03602628
-0.0520873	-0.04598883	-0.03624889
-0.05236052	-0.04623772	-0.0364705
-0.05263278	-0.04648431	-0.03669122
-0.05290422	-0.0467286	-0.03691116
-0.05317288	-0.04697057	-0.03713043
-0.0534428	-0.04721414	-0.03734893
-0.05371204	-0.04745542	-0.03756653
-0.05398051	-0.04769445	-0.03778337
-0.05424628	-0.04793125	-0.03799959
-0.05451134	-0.04816588	-0.03821328
-0.0547756	-0.04840047	-0.03842642
-0.05503923	-0.04863323	-0.03863916
-0.0553024	-0.04886609	-0.03885142
-0.05556505	-0.04909702	-0.03906312
-0.05582712	-0.04932614	-0.03927236
-0.05608854	-0.04955353	-0.03948116
-0.05634745	-0.04977746	-0.03968787
-0.05660587	-0.05000169	-0.0398945
-0.05686376	-0.050224	-0.04010282
-0.05712109	-0.05044452	-0.04030889
-0.05737782	-0.05066337	-0.04051472
-0.05763393	-0.05088069	-0.04071847
-0.05788941	-0.05109845	-0.04092216
-0.05814425	-0.05131264	-0.04112576
-0.05839844	-0.05152524	-0.04132926
-0.0586499	-0.05173823	-0.0415308
-0.05890047	-0.05194972	-0.04173219
-0.05915016	-0.05215989	-0.04193341
-0.05939898	-0.05236866	-0.04213264
-0.05964512	-0.05257599	-0.04232986
-0.05989253	-0.05278207	-0.04252898
-0.06013915	-0.05298685	-0.0427261
-0.06038294	-0.05319029	-0.04292122
-0.06062579	-0.05339262	-0.04311825
-0.06086773	-0.05359381	-0.04331332
-0.06110882	-0.05379384	-0.04350643
-0.06134887	-0.0539927	-0.04370152
-0.0615877	-0.05419038	-0.04389471
-0.06182538	-0.05438504	-0.04408604
-0.062062	-0.05458061	-0.04427943
-0.06229556	-0.05477526	-0.04447105
-0.06252798	-0.05496902	-0.04466274
-0.06275936	-0.05515984	-0.0448525
-0.06298954	-0.05535164	-0.04504038
-0.06321838	-0.05554055	-0.04523031
-0.06344599	-0.05573053	-0.04541849
-0.06367249	-0.05591772	-0.04560678
-0.06389777	-0.056104	-0.04579318
-0.0641217	-0.05628943	-0.04597778
-0.06434442	-0.05647407	-0.04616246
-0.06456583	-0.05665593	-0.04634706
-0.06478583	-0.05683896	-0.04653164
-0.06500458	-0.05701936	-0.0467145
-0.065222	-0.05719904	-0.04689753
-0.065438	-0.05737783	-0.04707877
-0.06565069	-0.05755584	-0.04726013
-0.0658639	-0.05773316	-0.04743965
-0.06607575	-0.05790785	-0.04761924
-0.06628618	-0.05808181	-0.04779878
-0.06649514	-0.05825519	-0.0479763
-0.0667026	-0.05842811	-0.04815374
-0.06690854	-0.05860043	-0.04832915
-0.06711498	-0.05877022	-0.04850448
-0.06731802	-0.05893945	-0.0486778
-0.06751973	-0.05910801	-0.04885104
-0.0677201	-0.05927396	-0.04902227
-0.06791913	-0.05943929	-0.04919345
-0.06811682	-0.05960415	-0.04936266
-0.06831294	-0.05976871	-0.04953185
-0.0685075	-0.05993289	-0.04970094
-0.06870053	-0.06009478	-0.04986799
-0.06889207	-0.06025639	-0.05003499
-0.06908215	-0.06041764	-0.05020003
-0.06927082	-0.06057848	-0.0503651
-0.06945813	-0.06073703	-0.05053011
-0.06964207	-0.06089531	-0.05069317
-0.06982659	-0.06105326	-0.05085627
-0.07000969	-0.06120902	-0.05101934
-0.07018937	-0.06136463	-0.05118051
-0.07036962	-0.06152004	-0.05134178
-0.07054843	-0.06167524	-0.0515031
-0.07072593	-0.06182837	-0.0516626
-0.07090221	-0.06197941	-0.05182022
-0.07107712	-0.06213015	-0.05197775
-0.07124871	-0.0622806	-0.05213331
-0.07142101	-0.0624289	-0.05228894
-0.07159205	-0.06257713	-0.05244459
-0.07176174	-0.06272528	-0.05259843
-0.07193021	-0.06287336	-0.0527525
-0.07209761	-0.06301748	-0.05290469
-0.07226385	-0.06316154	-0.05305498
-0.07242885	-0.06330554	-0.05320543
-0.07259069	-0.06344952	-0.05335603
-0.07275344	-0.06359556	-0.05350883
-0.07291522	-0.0637359	-0.05365812
-0.07307596	-0.06387629	-0.05380571
-0.0732356	-0.06401677	-0.05395344
-0.07339411	-0.06415735	-0.05410129
-0.07354959	-0.06429809	-0.05424747
-0.07370411	-0.06443697	-0.05439404
-0.07385761	-0.06457402	-0.05453896
-0.07401007	-0.06471137	-0.05468406
-0.07416146	-0.06484702	-0.05482937
-0.07431177	-0.06498282	-0.05497101
-0.07446098	-0.06511885	-0.05511292
-0.07460911	-0.0652531	-0.05525511
-0.07475822	-0.06538746	-0.05539763
-0.07490261	-0.06552018	-0.05553844
-0.07504618	-0.06565135	-0.0556794
-0.07518896	-0.06578285	-0.05581876
-0.07533097	-0.06591477	-0.05595654
-0.07547223	-0.06604512	-0.05609462
-0.07561278	-0.06617582	-0.05623307
-0.0757506	-0.06630489	-0.05636986
-0.07588754	-0.06643423	-0.05650689
-0.07602365	-0.06656396	-0.05664422
-0.07615899	-0.0666921	-0.05677985
-0.07629363	-0.06681877	-0.05691568
-0.07642763	-0.06694407	-0.05704789
-0.07656107	-0.06706993	-0.05718046
-0.07669377	-0.0671944	-0.05731347
-0.07682558	-0.06731941	-0.05744493
-0.07695659	-0.06744301	-0.05757676
-0.07708689	-0.06756714	-0.05770697
-0.07721452	-0.06768985	-0.05783748
-0.07734142	-0.0678131	-0.0579684
-0.0774677	-0.06793494	-0.05809775
-0.0775914	-0.06805734	-0.05822539
-0.07771447	-0.06817834	-0.05835325
-0.07783703	-0.06829993	-0.05848146
-0.07795897	-0.06842018	-0.05860804
-0.07808018	-0.06853897	-0.05873496
-0.0782008	-0.06865828	-0.05886025
-0.07831892	-0.06877618	-0.05898587
-0.07843651	-0.06889466	-0.05910989
-0.07855165	-0.0690118	-0.05923218
-0.07866816	-0.06912959	-0.05935469
-0.07878204	-0.06924611	-0.0594755
-0.07889531	-0.06936127	-0.05959657
-0.07900607	-0.06947708	-0.05971597
-0.07911632	-0.06959163	-0.05983567
-0.07922806	-0.06970483	-0.05995375
-0.07933735	-0.06981869	-0.06007218
-0.07944622	-0.06993131	-0.06018907
-0.07955279	-0.0700447	-0.06030637
-0.07965884	-0.07015696	-0.0604222
-0.07976433	-0.07026804	-0.06053645
-0.07986741	-0.07037994	-0.06065113
-0.07997193	-0.07049077	-0.06076434
-0.08007399	-0.07060048	-0.06087805
-0.08017564	-0.07070901	-0.0609904
-0.08027504	-0.07081838	-0.06110129
-0.08037607	-0.07092671	-0.06121274
-0.08047485	-0.07103396	-0.06132285
-0.08057137	-0.07114396	-0.06143156
-0.08066952	-0.07125276	-0.06154089
-0.08076543	-0.07136036	-0.06165076
-0.0808591	-0.07146668	-0.06175906
-0.08095445	-0.07157379	-0.06186781
-0.0810476	-0.07167982	-0.06197513
-0.08113859	-0.07178473	-0.06208098
-0.08123133	-0.07188848	-0.0621874
-0.08132197	-0.07199314	-0.06229251
-0.08141238	-0.07209685	-0.06239628
-0.0815005	-0.07219958	-0.06250075
-0.08158848	-0.07230312	-0.06260588
-0.08167636	-0.07240746	-0.06270958
-0.08176214	-0.07251076	-0.06281388
-0.08184768	-0.07261302	-0.06291695
-0.08193305	-0.07271421	-0.06301877
-0.08201651	-0.07281432	-0.06311932
-0.08209994	-0.07291541	-0.06322064
-0.08218136	-0.07301749	-0.06332275
-0.08226267	-0.07311846	-0.06342354
-0.08234187	-0.07321834	-0.06352302
-0.08242295	-0.07331712	-0.06362324
-0.0825021	-0.0734148	-0.06372239
-0.08258126	-0.07351346	-0.06382231
-0.08265844	-0.07361129	-0.06392089
-0.08273558	-0.07371011	-0.06401818
-0.08281072	-0.07380785	-0.06411623
-0.08288577	-0.07390454	-0.06421323
-0.0829588	-0.07400017	-0.06430922
-0.08303174	-0.07409478	-0.06440602
-0.08310471	-0.07419227	-0.06450157
-0.08317785	-0.07428877	-0.06459589
-0.08324922	-0.0743843	-0.06469109
-0.08332078	-0.07447889	-0.06478719
-0.08339059	-0.07457257	-0.06488213
-0.08346064	-0.07466536	-0.06497596
-0.08352899	-0.07475912	-0.06506871
-0.08359761	-0.07485179	-0.06516042
-0.08366458	-0.07494341	-0.06525292
-0.0837319	-0.07503402	-0.06534421
-0.08379764	-0.07512572	-0.06543429
-0.0838638	-0.07521855	-0.06552532
-0.08393028	-0.07531049	-0.0656173
-0.08399312	-0.07540158	-0.06570824
-0.08405614	-0.07549186	-0.06579818
-0.08411743	-0.07558321	-0.06588718
-0.08417899	-0.0756736	-0.0659771
-0.08423894	-0.07576307	-0.06606593
-0.08429927	-0.07585169	-0.06615374
-0.08435994	-0.07594134	-0.06624057
-0.08441906	-0.07602999	-0.06632832
-0.08447865	-0.0761177	-0.06641498
-0.08453865	-0.07620454	-0.06650059
-0.08459514	-0.07629238	-0.06658707
-0.08465195	-0.07637922	-0.0666724
-0.08470722	-0.07646512	-0.06675665
-0.08476298	-0.07655013	-0.0668399
-0.08481921	-0.07663617	-0.06692405
-0.08487405	-0.07672121	-0.0670071
-0.08492746	-0.07680535	-0.06708911
-0.08498124	-0.07689045	-0.067172
-0.08503355	-0.07697455	-0.06725378
-0.08508644	-0.0770577	-0.06733453
-0.08513988	-0.07713998	-0.06741434
-0.08518998	-0.07722332	-0.06749511
-0.08524061	-0.0773057	-0.06757486
-0.08529177	-0.07738721	-0.06765369
-0.08534345	-0.07746977	-0.0677335
-0.08539176	-0.0775514	-0.06781233
-0.08544058	-0.07763217	-0.06789026
-0.08548994	-0.077714	-0.06796923
-0.08553593	-0.07779494	-0.06804726
-0.08558245	-0.07787506	-0.06812445
-0.08562953	-0.07795628	-0.06820274
-0.08567717	-0.07803665	-0.06828015
-0.08572149	-0.07811627	-0.06835681
-0.08576643	-0.07819705	-0.06843464
-0.08581199	-0.07827497	-0.0685117
-0.08585613	-0.07835376	-0.06858808
-0.08589888	-0.07843149	-0.06866367
-0.08594234	-0.07850824	-0.06873833
-0.08598448	-0.07858595	-0.06881216
-0.08602716	-0.07866267	-0.06888713
-0.08606859	-0.07874034	-0.06896127
-0.08610881	-0.07881701	-0.06903654
-0.08614971	-0.07889281	-0.06911098
-0.08618923	-0.07896967	-0.06918473
-0.08622927	-0.07904565	-0.06925975
-0.08626805	-0.07912065	-0.06933202
-0.08630562	-0.07919452	-0.06940531
-0.08634387	-0.07926741	-0.0694777
-0.08638078	-0.07933945	-0.06954749
-0.08641642	-0.07941258	-0.06962054
-0.08645292	-0.0794867	-0.06969284
-0.08648828	-0.07955988	-0.06976636
-0.08652439	-0.07963017	-0.06983709
-0.08655924	-0.07970137	-0.06990884
-0.08659475	-0.07977155	-0.06997966
-0.08662707	-0.07984266	-0.07005154
-0.08666021	-0.0799128	-0.07012257
-0.08669215	-0.07998394	-0.07019082
-0.08672481	-0.08005413	-0.07026008
-0.0867562	-0.08012331	-0.07032844
-0.08678641	-0.08019137	-0.07039788
-0.08681552	-0.08025848	-0.07046649
-0.08684545	-0.0803266	-0.07053626
-0.08687422	-0.08039384	-0.0706032
-0.08690374	-0.08046009	-0.07067113
-0.08693203	-0.08052527	-0.07073813
-0.08696105	-0.08059138	-0.07080621
-0.08698697	-0.0806565	-0.07087139
-0.0870138	-0.08072263	-0.07093749
-0.08703959	-0.08078787	-0.0710026
-0.08706626	-0.08085214	-0.07106873
-0.08709185	-0.08091536	-0.07113399
-0.08711829	-0.08097956	-0.07119831
-0.08714364	-0.08104281	-0.07126161
-0.08716801	-0.08110714	-0.0713259
-0.08719152	-0.08116858	-0.07138931
-0.08721405	-0.08123096	-0.07145176
-0.08723754	-0.0812924	-0.0715132
-0.08726004	-0.08135492	-0.07157563
-0.0872835	-0.08141636	-0.07163719
-0.08730598	-0.0814767	-0.07169781
-0.08732944	-0.08153793	-0.07175744
-0.08735012	-0.0815982	-0.07181808
-0.08736998	-0.08165745	-0.0718779
-0.08739098	-0.08171562	-0.07193681
-0.08741117	-0.08177476	-0.07199478
-0.08743046	-0.08183299	-0.07205384
-0.0874508	-0.08189028	-0.07211004
-0.08747027	-0.08194656	-0.07216723
-0.08749083	-0.08200389	-0.07222536
-0.08751058	-0.0820604	-0.07228259
-0.08752939	-0.08211606	-0.07233887
-0.08754744	-0.08217266	-0.07239417
-0.08756487	-0.08222832	-0.07245053
-0.08758159	-0.08228304	-0.07250401
-0.08759958	-0.08233678	-0.07255849
-0.08761691	-0.08239159	-0.0726121
-0.0876335	-0.08244745	-0.07266691
-0.08765134	-0.08250042	-0.0727208
-0.0876685	-0.08255441	-0.07277374
-0.08768491	-0.08260756	-0.07282781
-0.08770049	-0.08265986	-0.07287908
-0.08771721	-0.08271312	-0.07293142
-0.08773319	-0.0827655	-0.07298301
-0.08774834	-0.08281699	-0.07303381
-0.08776284	-0.08286759	-0.07308564
-0.08777686	-0.08291934	-0.07313667
-0.08779031	-0.0829702	-0.07318688
-0.08780313	-0.08302014	-0.07323627
-0.08781731	-0.08307124	-0.0732869
-0.08783096	-0.0831196	-0.07333669
-0.08784399	-0.08316912	-0.07338564
-0.08785635	-0.08321773	-0.07343583
-0.08787003	-0.08326542	-0.07348517
-0.08788315	-0.08331429	-0.07353367
-0.08789563	-0.08336226	-0.07358341
-0.08790742	-0.08340935	-0.0736305
-0.08792052	-0.08345555	-0.07367886
-0.08793306	-0.08350271	-0.0737264
-0.08794496	-0.08354902	-0.07377314
-0.08795618	-0.08359267	-0.07381933
-0.08796665	-0.0836394	-0.07386683
-0.08797839	-0.08368325	-0.07391355
-0.08798953	-0.08372813	-0.07395953
-0.08800001	-0.08377225	-0.07400478
-0.08800978	-0.08381771	-0.07405346
-0.08802087	-0.08386246	-0.07409963
-0.0880314	-0.08390445	-0.07414514
-0.08804133	-0.08394761	-0.074190
-0.08805061	-0.08399198	-0.07423607
-0.0880592	-0.08403366	-0.07427948
-0.08806705	-0.08407661	-0.07432415
-0.08807619	-0.08411878	-0.07436802
-0.08808476	-0.08416203	-0.07441114
-0.08809272	-0.08420251	-0.0744556
-0.08810002	-0.08424414	-0.07449938
-0.08810663	-0.08428489	-0.07454249
-0.0881146	-0.08432482	-0.07458498
-0.08812206	-0.08436604	-0.07462871
-0.08812896	-0.08440652	-0.07466982
-0.0881353	-0.0844463	-0.07471225
-0.08814102	-0.08448545	-0.07475397
-0.08814611	-0.08452582	-0.07479501
-0.08815052	-0.08456542	-0.07483541
-0.08815631	-0.08460427	-0.07487706
-0.08816161	-0.08464245	-0.07491609
-0.08816641	-0.08468183	-0.07495644
-0.08817067	-0.08471858	-0.07499609
-0.08817438	-0.08475664	-0.0750351
-0.0881775	-0.08479402	-0.0750735
-0.08818001	-0.08483258	-0.07511318
-0.08818395	-0.08486851	-0.07515027
-0.0881875	-0.08490576	-0.07518875
-0.08819062	-0.08494233	-0.07522658
-0.0881933	-0.08497828	-0.07526565
-0.08819551	-0.08501369	-0.07530212
-0.08819724	-0.08504836	-0.07533994
-0.08819847	-0.08508421	-0.0753771
-0.08819917	-0.08511739	-0.07541366
-0.0882014	-0.08515187	-0.07544968
-0.08820334	-0.08518566	-0.07548706
-0.08820497	-0.08522066	-0.07552378
-0.08820625	-0.08525305	-0.07555991
-0.08820721	-0.0852868	-0.07559552
-0.0882078	-0.08531991	-0.07563251
-0.08820985	-0.08535431	-0.07566704
-0.08821128	-0.08538616	-0.07570101
-0.08821207	-0.08541947	-0.07573632
-0.08821221	-0.08545223	-0.07577096
-0.08821379	-0.08548428	-0.07580501
-0.08821498	-0.08551572	-0.07583854
-0.08821577	-0.08554662	-0.07587346
-0.08821616	-0.08557891	-0.07590777
-0.08821616	-0.08561061	-0.07594154
-0.08821577	-0.08564154	-0.07597487
-0.08821498	-0.08567181	-0.07600758
-0.08821379	-0.08570153	-0.07604158
-0.08821221	-0.08573259	-0.07607306
-0.08821024	-0.08576303	-0.07610599
-0.08820787	-0.08579087	-0.07613839
-0.08820511	-0.08582012	-0.07617219
-0.08820196	-0.08584879	-0.07620355
-0.08820231	-0.08587881	-0.07623441
-0.08820228	-0.08590821	-0.07626667
-0.08820188	-0.08593503	-0.07629835
-0.08820113	-0.08596326	-0.07632955
-0.08820003	-0.08599094	-0.07636036
-0.08819861	-0.086020	-0.07639062
-0.08819687	-0.08604848	-0.07642226
-0.08819483	-0.08607625	-0.07645147
-0.0881925	-0.0861034	-0.07648018
-0.08818989	-0.08613006	-0.0765103
-0.08818702	-0.0861561	-0.07653986
-0.0881839	-0.08618344	-0.07656895
-0.08818054	-0.08621015	-0.0765977
-0.08817878	-0.08623425	-0.07662593
-0.08817657	-0.08625978	-0.07665557
-0.08817393	-0.08628684	-0.07668674
-0.08817086	-0.0863114	-0.07671358
-0.08816739	-0.08633725	-0.0767419
-0.08816355	-0.08636244	-0.07676974
-0.08815935	-0.08638708	-0.07679904
-0.08815481	-0.08641132	-0.07682782
-0.08814994	-0.08643502	-0.07685413
-0.08814479	-0.08646014	-0.07688198
-0.08814117	-0.08648472	-0.07690941
-0.08813705	-0.08650867	-0.07693628
-0.08813246	-0.08653211	-0.07696452
-0.0881274	-0.08655517	-0.07699036
-0.08812192	-0.08657774	-0.07701574
-0.08811604	-0.08659969	-0.07704259
-0.08810978	-0.086623	-0.07706896
-0.08810318	-0.08664571	-0.07709472
-0.08809625	-0.08666772	-0.07711998
-0.08808903	-0.08668918	-0.07714489
-0.08808336	-0.08671022	-0.07716929
-0.0880772	-0.08673073	-0.07719514
-0.08807059	-0.08675268	-0.07722049
-0.08806355	-0.08677413	-0.07724521
-0.08805612	-0.08679499	-0.07726942
-0.08804832	-0.08681513	-0.07729327
-0.08804021	-0.08683655	-0.07731662
-0.08803181	-0.0868555	-0.07734143
-0.08802313	-0.08687393	-0.07736575
-0.08801425	-0.08689383	-0.07738764
-0.08800698	-0.08691328	-0.07741113
-0.08799931	-0.08693217	-0.07743428
-0.08799127	-0.08695041	-0.07745697
-0.0879829	-0.08696996	-0.07748116
-0.08797424	-0.08698893	-0.07750491
-0.08796534	-0.08700539	-0.07752629
-0.08795622	-0.0870234	-0.07754725
-0.08794694	-0.08704104	-0.07756976
-0.08793751	-0.08705822	-0.07759187
-0.08792983	-0.08707484	-0.07761349
-0.08792184	-0.0870929	-0.07763657
-0.0879136	-0.08711048	-0.07765918
-0.08790515	-0.08712751	-0.07767939
-0.08789655	-0.08714388	-0.07769918
-0.08788782	-0.08715978	-0.07772049
-0.08787903	-0.08717535	-0.07774141
-0.08787022	-0.08719054	-0.07776184
-0.08786117	-0.08720524	-0.07778374
-0.08785169	-0.08722144	-0.07780518
-0.08784182	-0.08723726	-0.07782426
-0.0878316	-0.0872526	-0.07784293
-0.08782108	-0.08726739	-0.07786317
-0.08781031	-0.08728363	-0.07788307
-0.08779933	-0.08729941	-0.0779025
-0.08778819	-0.08731467	-0.0779214
-0.08777876	-0.08732752	-0.07794172
-0.08776902	-0.08733994	-0.07795973
-0.08775901	-0.08735394	-0.07797741
-0.08774879	-0.08736762	-0.07799466
-0.08773842	-0.08738091	-0.07801346
-0.08772793	-0.08739373	-0.07803188
-0.0877174	-0.0874081	-0.07804985
-0.08770869	-0.08742212	-0.07806727
-0.08769979	-0.08743572	-0.07808612
-0.08768867	-0.08744885	-0.07810266
-0.08767722	-0.08746143	-0.0781189
-0.08766548	-0.08747548	-0.07813472
-0.08765352	-0.08748911	-0.07815212
-0.08764138	-0.08750226	-0.07816919
-0.08762911	-0.08751487	-0.07818585
-0.0876186	-0.08752689	-0.07820199
-0.08760964	-0.08753643	-0.07821964
-0.08759841	-0.08754759	-0.07823686
-0.08758703	-0.08755846	-0.07825176
-0.08757557	-0.08756901	-0.07826635
-0.08756409	-0.08757917	-0.0782826
-0.08755447	-0.08758888	-0.07829861
-0.08754262	-0.08760015	-0.0783143
-0.08753043	-0.08761112	-0.07832961
-0.08751795	-0.08762172	-0.07834444
-0.08750524	-0.0876319	-0.07836079
-0.08749236	-0.08764163	-0.07837677
-0.08747938	-0.08765083	-0.07839231
-0.08746634	-0.08766154	-0.07840733
-0.08745515	-0.08767188	-0.07842176
-0.08744377	-0.08768182	-0.07843579
-0.08743228	-0.08769129	-0.07844959
-0.08741868	-0.08770026	-0.07846309
-0.08740482	-0.08770869	-0.07847622
-0.08739079	-0.08771859	-0.0784889
-0.08737663	-0.08772812	-0.07850315
-0.08736424	-0.08773723	-0.07851706
-0.0873516	-0.08774587	-0.07853059
-0.08733878	-0.08775401	-0.07854366
-0.08732583	-0.08776161	-0.07855619
-0.08731283	-0.08776864	-0.07857021
-0.08730167	-0.08777712	-0.07858384
-0.08728827	-0.08778521	-0.078597
-0.08727451	-0.08779287	-0.07860784
-0.08726046	-0.08780006	-0.07861833
-0.08724619	-0.08780494	-0.07862844
-0.08723176	-0.08780953	-0.07864016
-0.08721906	-0.0878138	-0.07865161
-0.08720609	-0.0878177	-0.07866274
-0.08719292	-0.08782329	-0.07867348
-0.08717962	-0.08782869	-0.07868379
-0.08716627	-0.08783387	-0.07869566
-0.08715085	-0.08783881	-0.07870723
-0.08713708	-0.08784348	-0.07871845
-0.08712297	-0.08784783	-0.07872926
-0.08710858	-0.08785183	-0.07873961
-0.08709397	-0.08785546	-0.07874945
-0.08707923	-0.08786076	-0.0787608
-0.08706626	-0.08786586	-0.07877179
-0.08705305	-0.08787076	-0.07878238
-0.08703969	-0.08787543	-0.07879251
-0.08702416	-0.08787982	-0.07880215
-0.08700837	-0.08788393	-0.07881125
-0.08699241	-0.08788773	-0.07881976
-0.08697814	-0.08789118	-0.07882971
-0.08696359	-0.08789426	-0.07883924
-0.08694883	-0.08790086	-0.07884832
-0.08693393	-0.08790704	-0.07885689
-0.08691899	-0.08791281	-0.07886492
-0.08690199	-0.08791813	-0.07887238
-0.08688666	-0.08792301	-0.07887738
-0.086871	-0.08792744	-0.07888406
-0.08685509	-0.08793139	-0.07889054
-0.08683902	-0.08793485	-0.07889678
-0.08682285	-0.08793781	-0.07890275
-0.08680849	-0.08794026	-0.07890841
-0.08679395	-0.08794218	-0.0789137
-0.08677724	-0.08794565	-0.07891861
-0.08676026	-0.08794881	-0.07892515
-0.08674309	-0.08795168	-0.07893148
-0.0867258	-0.08795425	-0.07893757
-0.08670849	-0.0879565	-0.07894337
-0.08669121	-0.08795843	-0.07894887
-0.08667406	-0.08796004	-0.07895402
-0.08665504	-0.08796132	-0.07895879
-0.08663605	-0.08796226	-0.07896315
-0.0866135	-0.08796285	-0.07896914
-0.08659161	-0.08796309	-0.07897492
-0.08657226	-0.08796297	-0.07898045
-0.08655345	-0.08796249	-0.07898571
-0.08653706	-0.08796163	-0.07899068
-0.08652108	-0.0879604	-0.07899533
-0.08650353	-0.08795878	-0.07899962
-0.08648601	-0.08795885	-0.07900355
-0.08647044	-0.08795878	-0.07900707
-0.08645688	-0.08795857	-0.07901224
-0.08644334	-0.08795823	-0.07901722
-0.0864317	-0.08795775	-0.07902198
-0.08641793	-0.08795712	-0.07902651
-0.08640389	-0.08795636	-0.07903079
-0.08639152	-0.08795729	-0.0790348
-0.08637697	-0.08795784	-0.07903851
-0.08636242	-0.087958	-0.07904191
-0.08634795	-0.08795779	-0.07904498
-0.08633544	-0.08795722	-0.07904769
-0.08632293	-0.08795629	-0.07905003
-0.08630841	-0.08795501	-0.07905199
-0.0862956	-0.08795338	-0.07905561
-0.08628252	-0.08795141	-0.07905906
-0.08626925	-0.08794911	-0.07906232
-0.08625771	-0.08794649	-0.07906539
-0.0862459	-0.08794355	-0.07907007
-0.08623392	-0.08794029	-0.07907429
-0.08622161	-0.08793673	-0.07907802
-0.08620881	-0.0879347	-0.07908127
-0.08619561	-0.08793213	-0.07908403
-0.08618392	-0.08792903	-0.0790863
-0.08617177	-0.08792541	-0.07908806
-0.08615717	-0.0879213	-0.07908931
-0.08614387	-0.0879167	-0.07909005
-0.0861299	-0.08791162	-0.07909234
-0.08611534	-0.08790609	-0.07909436
-0.0861003	-0.08790219	-0.07909612
-0.0860867	-0.08789811	-0.0790976
-0.08607049	-0.08789388	-0.07909881
-0.08605359	-0.08788952	-0.07909975
-0.0860361	-0.08788686	-0.07910043
-0.08601812	-0.08788386	-0.07910083
-0.08600158	-0.08788054	-0.07910097
-0.08598449	-0.08787694	-0.07910083
-0.0859649	-0.08787307	-0.07910043
-0.08594471	-0.08786897	-0.07909975
-0.08592404	-0.08786465	-0.07909881
-0.0859048	-0.08786016	-0.0790976
-0.08588502	-0.0878555	-0.07909612
-0.0858609	-0.08785071	-0.07909436
-0.08583644	-0.08784583	-0.07909234
-0.08581173	-0.08784267	-0.07909005
-0.08578869	-0.08783923	-0.07908749
-0.08576534	-0.08783552	-0.07908466
-0.08574177	-0.08783157	-0.07908156
-0.08571601	-0.08782743	-0.07907818
-0.0856918	-0.08782312	-0.07907637
-0.08566716	-0.08781659	-0.07907404
-0.08564218	-0.0878097	-0.0790712
-0.0856188	-0.08780248	-0.07906786
-0.08559503	-0.08779677	-0.07906401
-0.08556892	-0.08779053	-0.07906176
-0.08554237	-0.0877838	-0.07905929
-0.08551731	-0.0877766	-0.0790566
-0.08549178	-0.08776897	-0.07905372
-0.08546586	-0.08776095	-0.07905065
-0.0854376	-0.08775256	-0.07904741
-0.08541074	-0.08774383	-0.07904401
-0.08538331	-0.08773481	-0.07904048
-0.08535542	-0.08772735	-0.0790368
-0.08532716	-0.0877194	-0.07903301
-0.08529864	-0.08771102	-0.07902911
-0.0852718	-0.08770224	-0.07902513
-0.08524466	-0.08769309	-0.07902106
-0.08521735	-0.08768362	-0.07901875
-0.08518997	-0.08767387	-0.07901614
-0.08516263	-0.08766387	-0.07901326
-0.08514142	-0.0876555	-0.07901011
-0.08512075	-0.08764672	-0.07900672
-0.08509868	-0.08763757	-0.07900312
-0.08507714	-0.0876281	-0.07899931
-0.08505602	-0.08761835	-0.07899533
-0.08503519	-0.08760838	-0.07899118
-0.08501478	-0.08759823	-0.07898688
-0.08499281	-0.08758795	-0.07898247
-0.08497307	-0.0875794	-0.07897796
-0.08495153	-0.08757056	-0.07897336
-0.08493013	-0.08756149	-0.0789687
-0.0849069	-0.08755224	-0.07896582
-0.08488379	-0.08754284	-0.07896268
-0.08486091	-0.08753337	-0.07895929
-0.08483811	-0.0875218	-0.07895568
-0.08481734	-0.08751182	-0.07895188
-0.08479688	-0.0875014	-0.07894792
-0.08477685	-0.0874906	-0.07894382
-0.08475529	-0.08747948	-0.07893961
-0.08473416	-0.08746807	-0.07893531
-0.08471536	-0.08745645	-0.07893095
-0.08469488	-0.08744466	-0.07892656
-0.08467464	-0.08743456	-0.07892217
-0.08465476	-0.08742416	-0.07891962
-0.08463328	-0.08741351	-0.07891687
-0.08461393	-0.08740266	-0.07891187
-0.08459478	-0.08739167	-0.07890648
-0.08457384	-0.08738061	-0.07890072
-0.08455303	-0.08736745	-0.07889462
-0.08453248	-0.0873559	-0.0788882
-0.08451204	-0.08734395	-0.07888149
-0.08449154	-0.08733164	-0.07887452
-0.08447111	-0.08731904	-0.07886731
-0.08444876	-0.0873062	-0.0788599
-0.08442643	-0.08729319	-0.0788523
-0.08440603	-0.08728007	-0.07884636
-0.08438558	-0.08726871	-0.07884005
-0.08436313	-0.08725711	-0.07883339
-0.08434058	-0.08724533	-0.07882642
-0.08431804	-0.08723345	-0.07881917
-0.08429744	-0.08721943	-0.07881168
-0.0842768	-0.08720518	-0.07880396
-0.08425415	-0.08719257	-0.07879607
-0.08423141	-0.08717959	-0.07878804
-0.08420868	-0.08716631	-0.07877988
-0.08418787	-0.08715279	-0.07877347
-0.08416703	-0.08713911	-0.07876676
-0.08414418	-0.08712532	-0.0787598
-0.08412125	-0.08711331	-0.07875262
-0.08410222	-0.08710108	-0.07874526
-0.08408331	-0.0870887	-0.07873776
-0.08406464	-0.08707418	-0.07873017
-0.08404424	-0.08705939	-0.07872251
-0.08402403	-0.0870444	-0.07871484
-0.08400595	-0.0870311	-0.07870718
-0.08398803	-0.08701749	-0.07870141
-0.08396831	-0.08700364	-0.07869342
-0.08394871	-0.08698963	-0.07868506
-0.08392934	-0.08697552	-0.07867638
-0.08391006	-0.08696138	-0.07866742
-0.0838907	-0.08694705	-0.07865821
-0.08387139	-0.08693232	-0.0786488
-0.08385222	-0.08691728	-0.07863922
-0.08383123	-0.08690201	-0.07863136
-0.08381215	-0.08688656	-0.07862315
-0.08379302	-0.08687285	-0.07861465
-0.08377394	-0.08685887	-0.07860592
-0.08375295	-0.0868447	-0.07859699
-0.08373378	-0.08683041	-0.07858792
-0.08371447	-0.08681402	-0.07857874
-0.08369511	-0.0867974	-0.07856951
-0.08367582	-0.08678248	-0.07856027
-0.08365464	-0.08676723	-0.07855289
-0.08363529	-0.08675175	-0.07854534
-0.0836158	-0.08673612	-0.07853561
-0.08359629	-0.0867204	-0.07852555
-0.08357686	-0.08670469	-0.07851522
-0.08355553	-0.08668879	-0.07850467
-0.08353606	-0.08667256	-0.07849394
-0.08351647	-0.08665605	-0.07848307
-0.08349687	-0.08663935	-0.07847211
-0.08347528	-0.08662254	-0.07846294
-0.08345546	-0.08660752	-0.07845351
-0.08343542	-0.0865923	-0.0784439
-0.08341528	-0.08657697	-0.07843415
-0.08339306	-0.08655953	-0.07842432
-0.08337069	-0.08654188	-0.07841446
-0.08335008	-0.08652411	-0.07840461
-0.08332928	-0.08650812	-0.07839275
-0.08330836	-0.08649191	-0.07838259
-0.08328746	-0.08647557	-0.07837209
-0.0832646	-0.0864592	-0.07836131
-0.08324351	-0.08644079	-0.0783503
-0.08322223	-0.08642407	-0.07833912
-0.08320087	-0.08640705	-0.0783278
-0.08317953	-0.08638982	-0.07831641
-0.08316014	-0.08637246	-0.07830501
-0.08313865	-0.08635505	-0.07829546
-0.08311701	-0.08633952	-0.07828575
-0.0830953	-0.08632179	-0.07827594
-0.08307363	-0.08630377	-0.07826401
-0.08305395	-0.08628555	-0.07825183
-0.08303219	-0.08626722	-0.07823947
-0.08301029	-0.08624886	-0.07822696
-0.08298837	-0.08623238	-0.07821438
-0.08296834	-0.08621579	-0.07820357
-0.08294824	-0.08619711	-0.07819255
-0.0829261	-0.08617825	-0.07818136
-0.08290387	-0.0861593	-0.07817006
-0.08288163	-0.08614216	-0.07815871
-0.08285949	-0.08612485	-0.07814737
-0.08283939	-0.08610746	-0.0781361
-0.08281729	-0.08609008	-0.0781247
-0.0827951	-0.08607073	-0.07811299
-0.08277294	-0.08605315	-0.07810102
-0.08275273	-0.08603533	-0.07808884
-0.08273252	-0.08601739	-0.07807653
-0.08271033	-0.08599941	-0.07806413
-0.0826881	-0.08598148	-0.0780517
-0.08266592	-0.08596162	-0.07804114
-0.08264574	-0.08594356	-0.07803043
-0.08262557	-0.08592532	-0.07801963
-0.08260346	-0.08590698	-0.07800674
-0.08258134	-0.08588865	-0.07799363
-0.08255931	-0.0858704	-0.07798037
-0.08253931	-0.08585209	-0.07796701
-0.08251728	-0.08583354	-0.07795361
-0.08249516	-0.08581486	-0.07794207
-0.08246575	-0.08579613	-0.07793035
-0.08245204	-0.08577745	-0.07791854
-0.0824412	-0.08576074	-0.07790671
-0.08242713	-0.08574192	-0.0778949
-0.0824118	-0.08572293	-0.07788111
-0.08239533	-0.08570385	-0.07786722
-0.08237605	-0.08568478	-0.07785513
-0.08235616	-0.08566764	-0.0778428
-0.08233373	-0.08565044	-0.07783033
-0.08231069	-0.0856312	-0.07781776
-0.08228718	-0.08561184	-0.07780516
-0.08226148	-0.08559246	-0.07779261
-0.08223581	-0.08557314	-0.07777808
-0.0822082	-0.08555581	-0.07776529
-0.08218058	-0.08553641	-0.07775222
-0.08215308	-0.08551684	-0.07773893
-0.08212579	-0.08549721	-0.07772551
-0.08209676	-0.0854776	-0.07771201
-0.08206791	-0.08545994	-0.07769849
-0.08203936	-0.08544224	-0.07768685
-0.08201119	-0.08542252	-0.07767508
-0.08198535	-0.08540271	-0.07766119
-0.0819578	-0.08538289	-0.07764704
-0.08193044	-0.08536498	-0.07763272
-0.08190341	-0.085347	-0.07761829
-0.0818768	-0.08532906	-0.0776038
-0.08185072	-0.08530916	-0.07759117
-0.08182319	-0.08528923	-0.07757837
-0.08179795	-0.08527118	-0.07756548
-0.08177305	-0.08525304	-0.07755259
-0.08174858	-0.0852349	-0.07753766
-0.08172257	-0.08521479	-0.07752261
-0.08169695	-0.08519461	-0.07750931
-0.08167364	-0.0851763	-0.07749577
-0.08165066	-0.08515786	-0.07748205
-0.08162812	-0.08513939	-0.07746823
-0.08160405	-0.08512101	-0.07745438
-0.08158037	-0.08510072	-0.07744058
-0.08155901	-0.08508227	-0.07742664
-0.08153798	-0.08506367	-0.07741237
-0.08151741	-0.08504504	-0.07739786
-0.08147159	-0.08502646	-0.07738318
-0.08140017	-0.08500595	-0.07736839
-0.08133267	-0.08498728	-0.07735358
-0.08127677	-0.08496843	-0.07733881
-0.08123165	-0.08494952	-0.07732598
-0.08119644	-0.08493064	-0.077311
-0.08117059	-0.08490983	-0.0772958
-0.0811517	-0.08489081	-0.07728042
-0.0811413	-0.08487161	-0.07726494
-0.08113678	-0.08485234	-0.07724945
-0.08113761	-0.08483307	-0.077234
-0.08114532	-0.08481392	-0.0772205
-0.0811576	-0.08479291	-0.07720695
-0.08117392	-0.08477378	-0.07719135
-0.08119379	-0.08475454	-0.07717559
-0.0812188	-0.0847353	-0.07715975
-0.08124664	-0.08471616	-0.07714389
-0.0812771	-0.08469512	-0.07712993
-0.08130994	-0.08467595	-0.07711586
-0.08134291	-0.08465666	-0.07710175
-0.0813776	-0.08463734	-0.07708561
-0.08141381	-0.08461811	-0.07706934
-0.08145137	-0.08459696	-0.077053
-0.08148799	-0.08457765	-0.0770385
-0.0815235	-0.0845582	-0.07702383
-0.08155978	-0.08453871	-0.07700907
-0.08159664	-0.08451928	-0.07699432
-0.08163393	-0.08452007	-0.07701039
-0.08166757	-0.08450903	-0.07701646
-0.08170128	-0.08449642	-0.07702255
-0.0817349	-0.08447874	-0.07702288
-0.08176643	-0.08445845	-0.0770197
-0.08179782	-0.08443773	-0.07701319
-0.08182498	-0.08441463	-0.07700352
-0.08185166	-0.0843911	-0.07699271
-0.08187589	-0.08436722	-0.07697678
-0.0819079	-0.08434313	-0.07695772
-0.08192182	-0.08431893	-0.07693572
-0.08192999	-0.08429265	-0.07691096
-0.08193407	-0.08426623	-0.07688361
-0.08193594	-0.08423977	-0.07685384
-0.0819336	-0.08421337	-0.07682185
-0.08192923	-0.08418715	-0.07678572
-0.08192289	-0.08415912	-0.07674746
-0.08191261	-0.08413122	-0.07670723
-0.08189847	-0.08410536	-0.0766652
-0.0818824	-0.08407957	-0.07662156
-0.08186449	-0.08405396	-0.07657645
-0.08184303	-0.08402864	-0.07653006
-0.08181994	-0.08400162	-0.07647867
-0.08179325	-0.08397484	-0.07642631
-0.08176307	-0.08394839	-0.07637317
-0.08173136	-0.08392236	-0.07631938
-0.08169615	-0.0838987	-0.07626511
-0.08165754	-0.08387334	-0.07621052
-0.08161566	-0.0838482	-0.0761537
-0.08157247	-0.08382339	-0.07609477
-0.08152391	-0.08379901	-0.07603598
-0.08147194	-0.08377514	-0.07597747
-0.08141668	-0.08375165	-0.07591938
-0.08136006	-0.08372837	-0.07586185
-0.08128373	-0.0837054	-0.07580503
-0.08120095	-0.08368284	-0.07574699
-0.08111255	-0.08366079	-0.07568969
-0.08102087	-0.08363728	-0.07563327
-0.08092801	-0.08361603	-0.07557786
-0.08083424	-0.08359508	-0.07552361
-0.08074527	-0.08357451	-0.07547065
-0.08066791	-0.08355444	-0.07541703
-0.08059133	-0.08353288	-0.07536474
-0.08051506	-0.08351357	-0.07531388
-0.08043893	-0.08349453	-0.07526459
-0.08036093	-0.08347587	-0.075217
-0.08029208	-0.08345767	-0.07517126
-0.08022159	-0.08343797	-0.07512539
-0.08014908	-0.0834205	-0.07508137
-0.0800726	-0.08340327	-0.07503931
-0.08001929	-0.08338641	-0.07499933
-0.07999887	-0.08336999	-0.07496157
-0.07998662	-0.08335388	-0.07492615
-0.07997507	-0.0833379	-0.07489318
-0.07996377	-0.08332216	-0.07486074
-0.07995227	-0.08330676	-0.07483074
-0.07994035	-0.08329179	-0.07480331
-0.07992985	-0.08327711	-0.07477857
-0.07991873	-0.08326256	-0.07475665
-0.07990854	-0.08324824	-0.07473764
-0.0798972	-0.08323424	-0.07472168
-0.07988654	-0.08322066	-0.07470681
-0.07987627	-0.08320943	-0.07469495
-0.07986429	-0.0831965	-0.07468624
-0.07985419	-0.08318379	-0.07468076
-0.07984179	-0.0831714	-0.07467865
-0.07982884	-0.08315942	-0.07467999
-0.07981529	-0.08314979	-0.07468285
-0.0798029	-0.08313845	-0.07469096
-0.07978951	-0.08312732	-0.07470236
-0.07977507	-0.0831165	-0.07471716
-0.07975946	-0.08310609	-0.07473549
-0.07974444	-0.08309802	-0.07475743
-0.07972784	-0.08308823	-0.07478104
-0.07971164	-0.08307865	-0.07480823
-0.07969575	-0.08306938	-0.07483913
-0.07967798	-0.08306051	-0.07487382
-0.07965826	-0.08303111	-0.07487502
-0.07963853	-0.08300752	-0.07488179
-0.07961686	-0.0829825	-0.07488632
-0.07959497	-0.08296026	-0.07489228
-0.07957275	-0.08293931	-0.07489784
-0.07954824	-0.08291972	-0.07490301
-0.07952341	-0.08289951	-0.0749078
-0.07949814	-0.08287875	-0.07491012
-0.07947231	-0.08285754	-0.07491182
-0.07944396	-0.08283596	-0.07491288
-0.07941505	-0.08281592	-0.07491332
-0.07938545	-0.08279542	-0.07491494
-0.07935503	-0.08277457	-0.07491569
-0.07932184	-0.08275346	-0.07491557
-0.07928782	-0.08273218	-0.07491458
-0.07925492	-0.08271264	-0.07491274
-0.0792191	-0.08268375	-0.07489545
-0.0791823	-0.08266143	-0.0748884
-0.07914465	-0.08264293	-0.07488486
-0.07910601	-0.08262211	-0.07488066
-0.07906625	-0.08260298	-0.0748758
-0.07902548	-0.08258354	-0.07487028
-0.07898174	-0.08256391	-0.07486618
-0.07893881	-0.08254417	-0.07486169
-0.07889471	-0.08252078	-0.07485315
-0.07884748	-0.0824925	-0.07483378
-0.07879906	-0.08246904	-0.07482146
-0.07874958	-0.08244788	-0.07480994
-0.07870095	-0.08242886	-0.07480101
-0.07864914	-0.08240999	-0.07479465
-0.0785961	-0.08238953	-0.07478721
-0.07854193	-0.08237148	-0.07478256
-0.07848857	-0.0823536	-0.07478043
-0.07843198	-0.08233573	-0.07477876
-0.0783928	-0.08231796	-0.07477752
-0.07835918	-0.0823022	-0.07477671
-0.07833598	-0.08228648	-0.07477633
-0.07831975	-0.08227088	-0.07477818
-0.0783089	-0.08225346	-0.07477839
-0.0783039	-0.08223792	-0.07478081
-0.07830083	-0.0822223	-0.07478341
-0.07828903	-0.0822067	-0.07478616
-0.07827549	-0.08219304	-0.07479089
-0.07826196	-0.08217727	-0.07479553
-0.07825017	-0.08216131	-0.07480191
-0.07824004	-0.08214526	-0.07480798
-0.07821576	-0.08213078	-0.07481311
-0.07819146	-0.08211628	-0.07481842
-0.07816716	-0.08210175	-0.07482389
-0.07814285	-0.08208715	-0.07482949
-0.07811855	-0.08207247	-0.07483519
-0.07809424	-0.08205768	-0.07484096
-0.07806994	-0.08204275	-0.07484678
-0.07804564	-0.08202766	-0.07485262
-0.07802136	-0.08201239	-0.07485843
-0.07799707	-0.0819969	-0.07486422
-0.07797281	-0.08198118	-0.07486992
-0.07794856	-0.08196521	-0.07487553
-0.07792432	-0.08194894	-0.07488101
-0.0779001	-0.08193238	-0.07488634
-0.07787591	-0.08191548	-0.07489148
-0.07785173	-0.08189823	-0.07489641
-0.07782758	-0.08188059	-0.0749011
-0.07780346	-0.08186255	-0.07490552
-0.07777936	-0.08184408	-0.07490964
-0.0777553	-0.08182515	-0.07491344
-0.07773127	-0.08180575	-0.07491687
-0.07770728	-0.08178584	-0.07491992
-0.07768332	-0.08176541	-0.07492257
-0.0776594	-0.08174442	-0.07492477
-0.07763553	-0.08172286	-0.0749265
-0.0776117	-0.08170069	-0.07492774
-0.07758791	-0.08167789	-0.07492845
-0.07756418	-0.08165445	-0.0749286
-0.0775405	-0.08163033	-0.07492818
-0.07751686	-0.08160552	-0.07492714
-0.07749328	-0.08157998	-0.07492546
-0.07746976	-0.08155368	-0.07492311
-0.0774463	-0.08152662	-0.07492006
-0.0774229	-0.08149876	-0.07491629
-0.07739957	-0.08147007	-0.07491177
-0.07737629	-0.08144055	-0.07490645
-0.07735309	-0.08141014	-0.07490034