-0.004645886	-0.004439042	-0.01097622	-0.007082005	-0.002546183	-0.004091076
-0.005263135	-0.004912967	-0.01118899	-0.007372137	-0.002931592	-0.004379702
-0.005855125	-0.005364762	-0.01138543	-0.00765003	-0.003303734	-0.004656636
-0.006422398	-0.005794963	-0.01156604	-0.007915991	-0.003662882	-0.004922165
-0.006965497	-0.006204104	-0.01173128	-0.008170328	-0.004009307	-0.00517658
-0.007484963	-0.00659272	-0.01188165	-0.008413348	-0.004343283	-0.00542017
-0.007981339	-0.006961345	-0.01201763	-0.008645359	-0.004665083	-0.005653226
-0.008455167	-0.007310513	-0.01213971	-0.008866666	-0.004974979	-0.005876036
-0.008906989	-0.00764076	-0.01224835	-0.00907758	-0.005273245	-0.00608889
-0.009337347	-0.00795262	-0.01234406	-0.009278406	-0.005560152	-0.006292077
-0.009746784	-0.008246628	-0.0124273	-0.009469451	-0.005835975	-0.006485887
-0.01013584	-0.008523318	-0.01249857	-0.009651023	-0.006100984	-0.00667061
-0.01050506	-0.008783224	-0.01255835	-0.009823429	-0.006355455	-0.006846536
-0.01085499	-0.009026881	-0.01260712	-0.009986979	-0.006599658	-0.007013952
-0.01118616	-0.009254825	-0.01264536	-0.01014198	-0.006833867	-0.00717315
-0.01149912	-0.00946759	-0.01267356	-0.01028873	-0.007058356	-0.007324419
-0.01179441	-0.009665708	-0.01269219	-0.01042755	-0.007273395	-0.007468048
-0.01207258	-0.009849717	-0.01270175	-0.01055874	-0.007479258	-0.007604327
-0.01233416	-0.01002015	-0.01270272	-0.01068261	-0.00767622	-0.007733545
-0.0125797	-0.01017754	-0.01269557	-0.01079947	-0.00786455	-0.007855993
-0.01280974	-0.01032243	-0.0126808	-0.01090961	-0.008044523	-0.007971958
-0.01302482	-0.01045534	-0.01265888	-0.01101336	-0.008216412	-0.008081732
-0.01322548	-0.01057681	-0.0126303	-0.01111102	-0.008380489	-0.008185604
-0.01341227	-0.01068739	-0.01259554	-0.01120289	-0.008537027	-0.008283862
-0.01358573	-0.01078759	-0.01255508	-0.01128929	-0.008686299	-0.008376797
-0.01374641	-0.01087796	-0.01250941	-0.01137052	-0.008828577	-0.008464698
-0.01389483	-0.01095903	-0.01245901	-0.01144688	-0.008964134	-0.008547855
-0.01403155	-0.01103134	-0.01240437	-0.01151869	-0.009093245	-0.008626557
-0.0141571	-0.01109542	-0.01234596	-0.01158625	-0.009216179	-0.008701094
-0.01427204	-0.0111518	-0.01228427	-0.01164987	-0.009333211	-0.008771756
-0.0143769	-0.01120102	-0.01221979	-0.01170986	-0.009444614	-0.008838831
-0.01447222	-0.01124361	-0.01215299	-0.01176652	-0.00955066	-0.008902609
-0.01455854	-0.01128011	-0.01208436	-0.01182017	-0.009651623	-0.008963382
-0.01463641	-0.01131106	-0.01201438	-0.0118711	-0.009747773	-0.009021436
-0.01470638	-0.01133698	-0.01194353	-0.01191963	-0.009839386	-0.009077062
-0.01476897	-0.01135842	-0.01187231	-0.01196607	-0.009926733	-0.00913055
-0.01482474	-0.0113759	-0.01180118	-0.01201071	-0.01001009	-0.009182189
-0.01487423	-0.01138996	-0.01173064	-0.01205388	-0.01008972	-0.009232269
-0.01491797	-0.01140114	-0.01166117	-0.01209587	-0.01016591	-0.009281078
-0.01487504	-0.01134119	-0.01139316	-0.01200433	-0.01019434	-0.00926362
-0.01486783	-0.0113402	-0.01124293	-0.011961	-0.01022628	-0.009293323
-0.01488689	-0.01135774	-0.01117606	-0.01202592	-0.01027828	-0.009342104
-0.01492299	-0.01134325	-0.01113344	-0.01208555	-0.01034565	-0.009402348
-0.01497141	-0.0113559	-0.0111183	-0.01216026	-0.01042275	-0.009471961
-0.01502653	-0.01137318	-0.01112357	-0.01224573	-0.01050509	-0.00954631
-0.01508592	-0.01140676	-0.01114484	-0.01233456	-0.01058975	-0.009625997
-0.01514664	-0.011453	-0.01117697	-0.01242484	-0.01067543	-0.009707493
-0.01520738	-0.01150937	-0.01121639	-0.01251674	-0.01076265	-0.009791176
-0.01527047	-0.01157079	-0.01126316	-0.01261014	-0.01084962	-0.009875351
-0.0153323	-0.01163794	-0.01131318	-0.0126904	-0.01093638	-0.009961976
-0.01539314	-0.01170733	-0.01136988	-0.0127826	-0.01102115	-0.01004911
-0.01545329	-0.01178121	-0.01143094	-0.01287357	-0.01110398	-0.01013507
-0.01551305	-0.01185794	-0.01149401	-0.01296709	-0.01118491	-0.01022388
-0.01557272	-0.01193976	-0.01155857	-0.01305495	-0.01126581	-0.01031154
-0.01563263	-0.01202272	-0.01162403	-0.01314453	-0.01134466	-0.01040181
-0.015691	-0.01210647	-0.01169373	-0.01323593	-0.01141944	-0.01049069
-0.0157479	-0.01219094	-0.01176314	-0.01332714	-0.01149201	-0.01057805
-0.01580548	-0.01227603	-0.01183371	-0.01341618	-0.01156242	-0.01066584
-0.01586198	-0.01236166	-0.01190505	-0.01350492	-0.01163254	-0.0107521
-0.01591931	-0.01244772	-0.01197674	-0.01359526	-0.01170034	-0.01083854
-0.01597754	-0.0125341	-0.01205016	-0.01368518	-0.01176589	-0.01092318
-0.01603493	-0.01262069	-0.01212487	-0.01377655	-0.0118313	-0.01100797
-0.01609156	-0.01270737	-0.01220066	-0.01386942	-0.01189481	-0.01109276
-0.01614753	-0.01279582	-0.01227522	-0.01396178	-0.01195831	-0.01117558
-0.016205	-0.01288385	-0.01235195	-0.01405366	-0.01202187	-0.0112602
-0.01626223	-0.0129734	-0.01242855	-0.01414901	-0.01208372	-0.01134257
-0.01631931	-0.01306044	-0.01250473	-0.01424398	-0.01214603	-0.01142462
-0.01637842	-0.01314871	-0.01258022	-0.01434042	-0.01220911	-0.01150827
-0.01644173	-0.01323624	-0.01265656	-0.01442382	-0.01227515	-0.01158949
-0.01650753	-0.01332471	-0.01273553	-0.01452593	-0.0123424	-0.0116702
-0.01657411	-0.01341395	-0.01281526	-0.01463035	-0.01241123	-0.0117505
-0.01664367	-0.013502	-0.01289363	-0.01473091	-0.01247993	-0.01183027
-0.01671659	-0.01359076	-0.01297422	-0.01483104	-0.01255068	-0.01190933
-0.01679325	-0.01367825	-0.01305282	-0.01492869	-0.01262386	-0.0119878
-0.01687197	-0.01376639	-0.01313117	-0.0150335	-0.01269959	-0.01206578
-0.0169547	-0.01385499	-0.01320554	-0.01509679	-0.01277592	-0.01214521
-0.01703951	-0.01394391	-0.01328546	-0.01521501	-0.01285299	-0.01222204
-0.01712448	-0.01403321	-0.01336461	-0.01531933	-0.01293093	-0.0122982
-0.01721156	-0.01412091	-0.01344289	-0.0154204	-0.01301169	-0.01237379
-0.01729882	-0.01420892	-0.0135241	-0.01552604	-0.01309126	-0.01245074
-0.01738821	-0.01429913	-0.01360425	-0.01563002	-0.01317159	-0.0125271
-0.0174796	-0.01438748	-0.01368323	-0.01573418	-0.01325074	-0.01260296
-0.01757081	-0.01447587	-0.01376276	-0.01583851	-0.01333248	-0.01267819
-0.01766169	-0.01456437	-0.01384273	-0.01594304	-0.01341279	-0.01275265
-0.01775213	-0.014651	-0.01392121	-0.01604568	-0.01349361	-0.01282645
-0.01784379	-0.01473764	-0.01400016	-0.01614826	-0.01357299	-0.01290153
-0.01793654	-0.01482619	-0.01407946	-0.01625078	-0.01365289	-0.01297592
-0.01802841	-0.01491466	-0.01415693	-0.01635324	-0.01373315	-0.01304974
-0.01811926	-0.01500313	-0.01423243	-0.01642448	-0.01381365	-0.01312104
-0.01820892	-0.01508959	-0.01431391	-0.016525	-0.01389243	-0.01319358
-0.01830115	-0.01517593	-0.01439369	-0.01662563	-0.01397142	-0.01326539
-0.01839188	-0.01526407	-0.01447168	-0.01672637	-0.01405256	-0.0133366
-0.01848304	-0.015352	-0.01454955	-0.01682697	-0.01413181	-0.01340915
-0.01857262	-0.01543979	-0.01462721	-0.01692718	-0.01421111	-0.01348108
-0.01866438	-0.01552546	-0.01470477	-0.01702702	-0.0142924	-0.01355044
-0.01875424	-0.01561271	-0.01478212	-0.01712466	-0.01437164	-0.01362101
-0.01884412	-0.01569409	-0.0148633	-0.01727179	-0.01445076	-0.01369082
-0.01893593	-0.01578317	-0.01494686	-0.017410	-0.01453171	-0.013760
-0.0190256	-0.01587174	-0.01502881	-0.01753137	-0.01461043	-0.01382868
-0.01911504	-0.01595988	-0.01510879	-0.01763966	-0.01468888	-0.01389881
-0.01920434	-0.01604559	-0.01518435	-0.01774348	-0.01476899	-0.01396843
-0.01929151	-0.01613079	-0.0152611	-0.01783168	-0.01484879	-0.01403561
-0.01937845	-0.01621007	-0.01533732	-0.01793774	-0.01492841	-0.0141062
-0.01946706	-0.01629702	-0.015415	-0.0180455	-0.01500771	-0.01417435
-0.01955535	-0.01638343	-0.01549009	-0.01815083	-0.01508863	-0.01424826
-0.01964316	-0.01646938	-0.01556457	-0.01825763	-0.0151674	-0.01431818
-0.01973213	-0.01656407	-0.01564039	-0.018362	-0.01524388	-0.01438143
-0.01982029	-0.01665333	-0.01571561	-0.01846761	-0.01532184	-0.01444567
-0.01990773	-0.01673935	-0.01579011	-0.0185724	-0.01540138	-0.01452142
-0.01999454	-0.01682247	-0.01586377	-0.01867637	-0.01548265	-0.01461011
-0.02007872	-0.01690487	-0.01593675	-0.01877953	-0.01556368	-0.01469267
-0.02016403	-0.01698664	-0.01601099	-0.01888191	-0.01564254	-0.01477219
-0.02024847	-0.01706787	-0.01608457	-0.01898351	-0.01572299	-0.01485014
-0.02033213	-0.01715048	-0.01615555	-0.0190841	-0.01580102	-0.01492642
-0.02041511	-0.01723248	-0.01622772	-0.0191855	-0.01587857	-0.01500277
-0.02049932	-0.01731398	-0.01630098	-0.01928568	-0.01595759	-0.01507699
-0.02058071	-0.017393	-0.01637339	-0.01937916	-0.01603406	-0.01514899
-0.02066119	-0.01747328	-0.0164451	-0.01947765	-0.01611201	-0.01522462
-0.02074268	-0.01755284	-0.01651602	-0.01957288	-0.01618949	-0.01529598
-0.0208232	-0.01763178	-0.01658604	-0.01967264	-0.01626638	-0.01536685
-0.02090285	-0.0177102	-0.01665714	-0.01976736	-0.01634255	-0.01543921
-0.02098355	-0.01779001	-0.0167274	-0.01986119	-0.01641789	-0.01551111
-0.02106333	-0.01786926	-0.01679489	-0.01995209	-0.01649252	-0.01558062
-0.02114229	-0.01794803	-0.01686343	-0.02004579	-0.01656841	-0.01565154
-0.02122055	-0.01801342	-0.01693108	-0.02013843	-0.01664361	-0.01572192
-0.02129794	-0.01808707	-0.01699984	-0.02023184	-0.016718	-0.01579192
-0.02137616	-0.01816806	-0.01706778	-0.02032398	-0.01679149	-0.01586142
-0.02145322	-0.01824818	-0.01713483	-0.02041489	-0.01686419	-0.01593031
-0.02152926	-0.01832755	-0.01720088	-0.02050461	-0.01693807	-0.01600082
-0.02160619	-0.0184081	-0.01726793	-0.02059498	-0.01701121	-0.01607102
-0.02168206	-0.01848788	-0.01733408	-0.02068579	-0.01708348	-0.01614082
-0.02175882	-0.01856492	-0.01740131	-0.02077502	-0.01715479	-0.01621009
-0.02183451	-0.01864116	-0.01746565	-0.0208627	-0.01722711	-0.01627876
-0.02190926	-0.01871854	-0.0175291	-0.02094889	-0.01729849	-0.01634696
-0.02198501	-0.0187951	-0.01759365	-0.02103753	-0.01736911	-0.01641667
-0.02205982	-0.01887095	-0.0176574	-0.02112478	-0.01743885	-0.01648597
-0.02213357	-0.01894805	-0.01772236	-0.02121252	-0.01750762	-0.01655295
-0.02220614	-0.01902443	-0.01778454	-0.02129874	-0.01757738	-0.01662348
-0.02227947	-0.01910022	-0.01784779	-0.02138352	-0.01764623	-0.01669174
-0.02235165	-0.01917737	-0.0179102	-0.0214669	-0.01771613	-0.01675972
-0.02242279	-0.01925186	-0.01797378	-0.02154896	-0.01778311	-0.0168294
-0.02249486	-0.01932746	-0.01803458	-0.02163367	-0.01785097	-0.01689679
-0.02256594	-0.01940223	-0.01809641	-0.02171695	-0.01791778	-0.01696387
-0.02263799	-0.01947629	-0.0181574	-0.0218007	-0.01798373	-0.01703262
-0.02270908	-0.0195516	-0.01821956	-0.02188111	-0.0180508	-0.01709905
-0.02277911	-0.01962623	-0.01827893	-0.02196397	-0.018115	-0.01716698
-0.02284798	-0.01970006	-0.01833936	-0.0220455	-0.01818014	-0.01723448
-0.02291767	-0.01977296	-0.01839895	-0.02212759	-0.01824433	-0.01730172
-0.02298625	-0.01984509	-0.01845244	-0.02208601	-0.01830955	-0.01736861
-0.02305571	-0.01991841	-0.01849869	-0.02216548	-0.01837391	-0.01743506
-0.02312413	-0.01999097	-0.01854954	-0.02209978	-0.0184394	-0.01750307
-0.02319351	-0.02006475	-0.01861562	-0.0221858	-0.01850206	-0.01757072
-0.02325985	-0.02013575	-0.01868466	-0.02227482	-0.01856571	-0.01763611
-0.02332698	-0.02020776	-0.01873973	-0.02238222	-0.01862846	-0.01770305
-0.02339299	-0.02027885	-0.01883309	-0.02266359	-0.01869232	-0.01776963
-0.02345803	-0.02034917	-0.01889773	-0.02283454	-0.01875333	-0.01783786
-0.02352413	-0.0204207	-0.01895516	-0.02297507	-0.01881531	-0.01790375
-0.02359119	-0.02048945	-0.01901159	-0.02310232	-0.01887637	-0.0179693
-0.02365524	-0.02055921	-0.01906722	-0.02321729	-0.01893855	-0.0180365
-0.02371829	-0.02062806	-0.01903261	-0.02286843	-0.01899787	-0.01810137
-0.02378234	-0.02069799	-0.0190822	-0.0228952	-0.01905817	-0.01816774
-0.0238455	-0.02076707	-0.01914582	-0.02304135	-0.01911758	-0.01823371
-0.02390769	-0.02083731	-0.01924197	-0.02331395	-0.01917812	-0.01829737
-0.02397068	-0.02090471	-0.01931141	-0.02350218	-0.01923792	-0.01836255
-0.02403257	-0.02097127	-0.01937543	-0.02366269	-0.01929691	-0.01842735
-0.02409355	-0.02103898	-0.0194384	-0.02380901	-0.01935506	-0.01849376
-0.02415565	-0.02110592	-0.01950031	-0.02394397	-0.0194144	-0.01855781
-0.02421673	-0.02117409	-0.01956113	-0.02406835	-0.01947305	-0.01862335
-0.02427672	-0.02123952	-0.01962291	-0.0241829	-0.01953098	-0.01868845
-0.02433766	-0.02130602	-0.01968174	-0.02428628	-0.01958996	-0.01875307
-0.02439767	-0.0213717	-0.0197415	-0.02438284	-0.01964814	-0.01881713
-0.0244567	-0.02143856	-0.01980035	-0.02447488	-0.01970547	-0.01888264
-0.0245147	-0.02150262	-0.01985826	-0.02456284	-0.01976192	-0.01894564
-0.0245737	-0.02157394	-0.01991523	-0.02464512	-0.01981954	-0.01900813
-0.02462246	-0.02158578	-0.01997332	-0.0247219	-0.01987439	-0.01907212
-0.02466763	-0.02154704	-0.0200286	-0.02479546	-0.01993034	-0.01913573
-0.02471537	-0.02154565	-0.02008498	-0.02486598	-0.01998554	-0.01919889
-0.02476742	-0.02157089	-0.02013852	-0.02493366	-0.02003994	-0.01926154
-0.0248344	-0.02171165	-0.02019314	-0.0249966	-0.02009354	-0.01932569
-0.0248981	-0.02183547	-0.0202488	-0.0250589	-0.02014836	-0.01938739
-0.02495876	-0.02193661	-0.02030161	-0.02511685	-0.02020232	-0.01945049
-0.02501841	-0.02203139	-0.02035546	-0.02517427	-0.02025538	-0.01951308
-0.02507521	-0.02212417	-0.02040852	-0.02522928	-0.02030961	-0.01957513
-0.02513095	-0.02220477	-0.02046078	-0.02528207	-0.02036317	-0.01963657
-0.02518741	-0.02228456	-0.02051225	-0.02533259	-0.02041603	-0.01969943
-0.02524274	-0.02236033	-0.02056293	-0.02538075	-0.02046817	-0.01975976
-0.02529898	-0.02243847	-0.0206128	-0.02542677	-0.0205196	-0.0198214
-0.02535612	-0.02253535	-0.02066394	-0.02547264	-0.0205721	-0.01988247
-0.02541024	-0.02262105	-0.02071428	-0.0255165	-0.02062385	-0.01994294
-0.02546521	-0.0227023	-0.02076382	-0.02555853	-0.02067484	-0.02000274
-0.02551919	-0.02277933	-0.02081464	-0.02559869	-0.02072505	-0.02006391
-0.02557425	-0.02285599	-0.02086286	-0.02563874	-0.02077656	-0.0201225
-0.02562647	-0.02293044	-0.02091029	-0.02567473	-0.02082546	-0.02018237
-0.02567974	-0.02300289	-0.02095876	-0.02571882	-0.02087565	-0.02024165
-0.02573222	-0.02307332	-0.02100647	-0.02575354	-0.02092711	-0.02030029
-0.02578391	-0.0231417	-0.02105342	-0.02578849	-0.02097595	-0.02035825
-0.02583662	-0.02321008	-0.02109962	-0.02581971	-0.02102607	-0.02041758
-0.02588852	-0.02327661	-0.02114507	-0.02585314	-0.02107357	-0.02047614
-0.0259396	-0.02334126	-0.02119163	-0.02588716	-0.02112235	-0.02053392
-0.02598987	-0.02340402	-0.02123747	-0.02592176	-0.02117241	-0.02059294
-0.0260414	-0.02346693	-0.02128261	-0.025953	-0.02121986	-0.02064928
-0.02609237	-0.02354063	-0.02132707	-0.02598475	-0.0212686	-0.02070681
-0.02614278	-0.02360795	-0.02137087	-0.02601492	-0.02131475	-0.02076366
-0.02619238	-0.02366789	-0.02141584	-0.02604348	-0.02136221	-0.02081981
-0.02624118	-0.0237259	-0.02145811	-0.02607249	-0.02141099	-0.02087524
-0.02629125	-0.02378404	-0.0215016	-0.02610011	-0.02145719	-0.02093198
-0.02634053	-0.02383841	-0.02154425	-0.02612631	-0.02150475	-0.02098611
-0.02638902	-0.02389289	-0.02158609	-0.02614901	-0.02154976	-0.02104151
-0.02643674	-0.02394564	-0.02162713	-0.02617208	-0.02159614	-0.02109608
-0.02648371	-0.02399873	-0.0216674	-0.02619369	-0.02164183	-0.02114978
-0.02653199	-0.02405008	-0.02170901	-0.02621407	-0.02168685	-0.02120469
-0.02657954	-0.02409969	-0.02174989	-0.0262332	-0.02173328	-0.02125687
-0.02662637	-0.02414963	-0.02179009	-0.0262529	-0.02177909	-0.02131021
-0.02667249	-0.02419601	-0.02182964	-0.02626924	-0.02182428	-0.02136469
-0.02671976	-0.02424272	-0.02187038	-0.02628612	-0.02186888	-0.0214164
-0.02676428	-0.02428793	-0.02190845	-0.0263017	-0.02191292	-0.02146922
-0.02680998	-0.02433167	-0.02194778	-0.02631805	-0.02195641	-0.02152132
-0.02685505	-0.02437574	-0.02198451	-0.02633334	-0.02200121	-0.02157269
-0.02689952	-0.02441626	-0.02202256	-0.02634757	-0.02204345	-0.02162333
-0.02694524	-0.02445714	-0.02205991	-0.02636048	-0.02208704	-0.02167529
-0.02698833	-0.02449656	-0.02209657	-0.02637207	-0.02213201	-0.0217265
-0.02703272	-0.02453453	-0.0221326	-0.02638442	-0.02217451	-0.02177695
-0.02707636	-0.02457288	-0.02216984	-0.02639544	-0.02221846	-0.02182664
-0.02711928	-0.02460773	-0.02220445	-0.02640514	-0.02226183	-0.02187557
-0.02716151	-0.02464299	-0.02224035	-0.02641353	-0.02230464	-0.02192581
-0.0272049	-0.02467868	-0.02228383	-0.02656165	-0.02234693	-0.02197529
-0.02724559	-0.02471092	-0.02233389	-0.02660535	-0.02239057	-0.02202401
-0.02728751	-0.02474362	-0.02238306	-0.02682093	-0.0224317	-0.02207197
-0.02732862	-0.02477474	-0.02241846	-0.02690559	-0.02247425	-0.02212101
-0.02736895	-0.02480429	-0.02245289	-0.02704229	-0.02251618	-0.0221693
-0.02740854	-0.0248323	-0.02249678	-0.02712258	-0.02255755	-0.02221686
-0.02744926	-0.02485879	-0.02249926	-0.0270179	-0.02259839	-0.0222637
-0.02748931	-0.02488586	-0.02252378	-0.02699793	-0.02264058	-0.02230982
-0.02752874	-0.02491147	-0.02255288	-0.02698993	-0.02268025	-0.02235706
-0.02756735	-0.02493564	-0.02258294	-0.02698359	-0.02272135	-0.02240362
-0.02760699	-0.0249584	-0.02261219	-0.02697774	-0.02276186	-0.0224495
-0.0276459	-0.02498161	-0.0227425	-0.02749045	-0.02280182	-0.02249656
-0.02768412	-0.02500322	-0.02280353	-0.02769984	-0.02284129	-0.02254091
-0.02772353	-0.02502328	-0.02285203	-0.02780513	-0.02288214	-0.02258646
-0.02776028	-0.02504181	-0.0228655	-0.0277665	-0.02292051	-0.02263325
-0.02779624	-0.02505886	-0.02289962	-0.027784	-0.02296037	-0.0226774
-0.02783329	-0.02507654	-0.02293666	-0.02781433	-0.02299969	-0.02272284
-0.02786966	-0.0250928	-0.02297512	-0.02784538	-0.02303853	-0.02276568
-0.02790541	-0.02510771	-0.02301296	-0.0278778	-0.02307694	-0.02280987
-0.02794033	-0.02512129	-0.02305025	-0.027912	-0.0231168	-0.02285334
-0.02797631	-0.02513542	-0.02308703	-0.02794844	-0.02315427	-0.02289614
-0.02800952	-0.02514624	-0.0231252	-0.02798576	-0.02319124	-0.02293828
-0.02804389	-0.0251577	-0.02316091	-0.02802443	-0.02322958	-0.02298163
-0.02807743	-0.02516776	-0.02319812	-0.02806261	-0.02326729	-0.02302414
-0.0281102	-0.02517649	-0.02323481	-0.02810236	-0.02330441	-0.02306584
-0.02814225	-0.02518392	-0.02327288	-0.02814005	-0.02334102	-0.02310886
-0.02818378	-0.02525012	-0.02330848	-0.02817983	-0.02337899	-0.02315116
-0.02823176	-0.02538682	-0.02334558	-0.0282199	-0.02341451	-0.02319277
-0.02827873	-0.02551296	-0.02338218	-0.02825844	-0.02345153	-0.02323375
-0.02832456	-0.02563393	-0.02341834	-0.02829574	-0.02348804	-0.02327595
-0.02835637	-0.02564387	-0.02345413	-0.0283339	-0.02352411	-0.02331554
-0.02838907	-0.02566724	-0.02348937	-0.02837294	-0.02355982	-0.02335644
-0.02842299	-0.02570215	-0.02352412	-0.02841291	-0.02359497	-0.02339664
-0.02845817	-0.02574186	-0.02355846	-0.02845177	-0.02363147	-0.02343618
-0.02849471	-0.02578094	-0.02359429	-0.02848956	-0.02366548	-0.02347511
-0.02852878	-0.02582153	-0.02362776	-0.02852841	-0.02370097	-0.02351531
-0.02856228	-0.02586368	-0.02366286	-0.02856627	-0.02373595	-0.02355292
-0.02859711	-0.02591163	-0.02369758	-0.02860321	-0.02377049	-0.02359191
-0.02863128	-0.0259579	-0.02373382	-0.02864135	-0.02380467	-0.02363025
-0.02866278	-0.02598364	-0.02376776	-0.02867867	-0.0238383	-0.02366981
-0.02869561	-0.02601723	-0.02380131	-0.02871522	-0.02387329	-0.02370677
-0.02872776	-0.02605351	-0.02383636	-0.02875314	-0.02390581	-0.02374507
-0.02875931	-0.02608888	-0.02387091	-0.02879041	-0.02393986	-0.02378271
-0.02879035	-0.02612342	-0.02390506	-0.02882684	-0.02397342	-0.02381974
-0.02882279	-0.02615901	-0.02393887	-0.02886432	-0.02400841	-0.02385623
-0.02885463	-0.02619389	-0.02397219	-0.02889902	-0.02404101	-0.02389406
-0.02888596	-0.02622813	-0.02400691	-0.02893307	-0.02407313	-0.0239294
-0.02891688	-0.02626363	-0.02403923	-0.02897045	-0.02410668	-0.02396622
-0.02894721	-0.02629839	-0.02407312	-0.02900524	-0.02413784	-0.02400251
-0.02897888	-0.02633247	-0.02410661	-0.02904141	-0.0241706	-0.02403808
-0.02900806	-0.02636595	-0.02413769	-0.02907697	-0.02420297	-0.02407301
-0.02903877	-0.02640075	-0.02417036	-0.02910992	-0.02423479	-0.02410735
-0.02906901	-0.02643302	-0.02420262	-0.02914604	-0.02426613	-0.02414301
-0.0291007	-0.02646676	-0.02423639	-0.02917945	-0.0242971	-0.02417616
-0.02913004	-0.02649997	-0.02426787	-0.02921203	-0.02432961	-0.02421077
-0.02915896	-0.02653248	-0.02429896	-0.02924387	-0.02436166	-0.02424483
-0.02918937	-0.02656436	-0.02433158	-0.02927505	-0.02439129	-0.02428026
-0.0292193	-0.0265957	-0.02436374	-0.02930746	-0.02442248	-0.02431504
-0.02924859	-0.02662841	-0.02439347	-0.0293391	-0.02445324	-0.02434927
-0.02927735	-0.0266605	-0.02442475	-0.02937189	-0.02448551	-0.02438303
-0.02930567	-0.02669206	-0.02445561	-0.02940201	-0.02451548	-0.02441614
-0.0293355	-0.02672317	-0.02448796	-0.02943345	-0.02454506	-0.02444869
-0.02936485	-0.02675367	-0.024518	-0.02946629	-0.02457618	-0.02448076
-0.02939176	-0.02678548	-0.02454765	-0.02949855	-0.02460687	-0.02451426
-0.02942023	-0.02681479	-0.02457884	-0.02953007	-0.02463514	-0.02454719
-0.02944829	-0.02684559	-0.02460958	-0.02956095	-0.024665	-0.02457757
-0.0294758	-0.02687589	-0.0246379	-0.02959129	-0.02469446	-0.02460939
-0.02950469	-0.02690763	-0.0246678	-0.029623	-0.02472547	-0.02464065
-0.02953117	-0.02693698	-0.0246973	-0.02965411	-0.02475421	-0.02467145
-0.02955926	-0.02696588	-0.02472834	-0.02968472	-0.02478262	-0.02470186
-0.02958699	-0.02699626	-0.0247571	-0.02971493	-0.02481262	-0.02473381
-0.02961422	-0.02702612	-0.02478553	-0.0297446	-0.02484225	-0.02476532
-0.0296429	-0.02705557	-0.02481554	-0.02977564	-0.02487136	-0.02479622
-0.02966924	-0.02708472	-0.02484518	-0.02980426	-0.02490006	-0.02482661
-0.02969518	-0.0271134	-0.02487428	-0.0298324	-0.02492846	-0.02485658
-0.02972266	-0.02714356	-0.02490297	-0.02986197	-0.02495641	-0.02488806
-0.02974973	-0.02717322	-0.02493135	-0.02989101	-0.02498585	-0.02491725
-0.02977443	-0.02720041	-0.02495928	-0.02991937	-0.02501298	-0.02494606
-0.02980078	-0.02722914	-0.02498869	-0.02994716	-0.02503975	-0.02497642
-0.02982681	-0.02725743	-0.02501578	-0.02997449	-0.02506808	-0.02500634
-0.02985241	-0.02728515	-0.02504251	-0.03000329	-0.02509601	-0.02503569
-0.02987951	-0.02731421	-0.02507079	-0.03003161	-0.02512341	-0.02506455
-0.02990434	-0.02734085	-0.02509867	-0.0300593	-0.02515039	-0.02509304
-0.02992885	-0.02736906	-0.02512418	-0.03008647	-0.02517706	-0.02512307
-0.02995499	-0.02739689	-0.02515133	-0.03011325	-0.02520328	-0.02515086
-0.0299808	-0.0274242	-0.02517817	-0.03013766	-0.02523101	-0.02517833
-0.03000616	-0.02745292	-0.02520455	-0.03016165	-0.02525645	-0.02520741
-0.03002912	-0.02747928	-0.02523241	-0.03018715	-0.02528154	-0.02523247
-0.0300537	-0.02750521	-0.02525797	-0.03021218	-0.02530823	-0.02526118
-0.03007796	-0.02753058	-0.02528318	-0.0302387	-0.02533455	-0.02529129
-0.03010177	-0.02755733	-0.02530996	-0.03026475	-0.02536039	-0.02531904
-0.03012708	-0.02758168	-0.02533637	-0.03029019	-0.02538585	-0.02534634
-0.03015195	-0.02760764	-0.02536228	-0.03031515	-0.02541106	-0.02537513
-0.03017443	-0.02763326	-0.0253878	-0.03033974	-0.02543589	-0.02540346
-0.03019856	-0.02765841	-0.02541306	-0.03036593	-0.02546228	-0.02543143
-0.0302224	-0.02768502	-0.02543792	-0.03039174	-0.02548829	-0.02545916
-0.03024582	-0.02771117	-0.02546433	-0.03041524	-0.02551197	-0.02548651
-0.03026871	-0.02773488	-0.02548853	-0.03043838	-0.02553733	-0.02551542
-0.03029121	-0.0277602	-0.02551244	-0.03046309	-0.02556244	-0.02554394
-0.03031343	-0.02778516	-0.02553803	-0.03048743	-0.02558716	-0.02557011
-0.03033528	-0.02780964	-0.02556333	-0.03051127	-0.02561137	-0.02559587
-0.03035871	-0.0278356	-0.02558824	-0.03053449	-0.0256352	-0.02562315
-0.03038178	-0.02785927	-0.02561261	-0.03055905	-0.02565878	-0.02565001
-0.03040437	-0.0278826	-0.02563658	-0.03058299	-0.02568198	-0.02567449
-0.03042456	-0.02790755	-0.02566028	-0.03060438	-0.02570675	-0.0257006
-0.03044638	-0.02793216	-0.02568358	-0.03062724	-0.02573116	-0.02572638
-0.0304679	-0.02795633	-0.02570844	-0.03065172	-0.02575325	-0.02575172
-0.030489	-0.02797811	-0.02573291	-0.03067586	-0.02577707	-0.02577854
-0.03051165	-0.02800153	-0.02575504	-0.03069775	-0.02580066	-0.02580308
-0.03053391	-0.02802465	-0.02577888	-0.03072116	-0.02582391	-0.02582729
-0.03055386	-0.02804734	-0.02580247	-0.0307439	-0.02584669	-0.02585311
-0.03057347	-0.02807158	-0.0258257	-0.03076612	-0.02587098	-0.02587859
-0.0305947	-0.02809541	-0.02585053	-0.03078795	-0.02589301	-0.02590361
-0.03061562	-0.02811692	-0.0258732	-0.03080746	-0.02591473	-0.02592829
-0.03063613	-0.02813804	-0.02589566	-0.03082869	-0.02593811	-0.02595277
-0.03065612	-0.02816076	-0.0259178	-0.03084969	-0.02596121	-0.02597691
-0.03067573	-0.02818312	-0.02594158	-0.03087037	-0.02598392	-0.0260006
-0.03069512	-0.02820502	-0.02596506	-0.03089085	-0.0260043	-0.02602578
-0.03071419	-0.02822634	-0.0259863	-0.03091311	-0.02602639	-0.02604869
-0.0307349	-0.02824722	-0.02600727	-0.03093313	-0.02604826	-0.02607128
-0.03075532	-0.02826782	-0.02602992	-0.03095472	-0.02606978	-0.0260955
-0.03077537	-0.02828801	-0.02605232	-0.03097386	-0.02609086	-0.02611942
-0.03079494	-0.02830976	-0.02607435	-0.03099459	-0.02611345	-0.02614291
-0.03081419	-0.02833115	-0.0260959	-0.03101706	-0.0261338	-0.0261661
-0.03083328	-0.02835206	-0.02611895	-0.03103727	-0.02615388	-0.02618914
-0.03085209	-0.02837239	-0.02613973	-0.0310572	-0.02617565	-0.0262119
-0.03087054	-0.02839229	-0.02616021	-0.03107699	-0.02619719	-0.02623427
-0.03089061	-0.02841191	-0.02618235	-0.03109654	-0.02621838	-0.0262582
-0.03091037	-0.02843114	-0.02620424	-0.03111781	-0.02623913	-0.02628176
-0.03092974	-0.02845196	-0.02622575	-0.03113682	-0.02625957	-0.02630302
-0.03094862	-0.02847243	-0.0262468	-0.03115734	-0.02627987	-0.026326
-0.03096718	-0.02849247	-0.02626751	-0.03117747	-0.02629991	-0.02634877
-0.03098557	-0.02851015	-0.02628805	-0.03119919	-0.02631959	-0.02637123
-0.03100371	-0.02852952	-0.02630831	-0.03121874	-0.02634087	-0.02639325
-0.0310215	-0.02854865	-0.02632818	-0.03123994	-0.02636185	-0.02641474
-0.03103884	-0.02856746	-0.02634963	-0.03125878	-0.02638059	-0.02643582
-0.03105773	-0.02858583	-0.02637075	-0.03127726	-0.02639907	-0.02645664
-0.03107626	-0.02860575	-0.0263896	-0.03129734	-0.02641926	-0.02647709
-0.03109251	-0.02862348	-0.02640816	-0.03131712	-0.02643923	-0.02649914
-0.03110848	-0.02864099	-0.02642841	-0.03133466	-0.02645889	-0.02652085
-0.03112614	-0.02865819	-0.02644841	-0.03135379	-0.02647814	-0.02654211
-0.03114358	-0.02867706	-0.02646808	-0.03137232	-0.02649714	-0.02656101
-0.03116073	-0.02869568	-0.02648731	-0.03139042	-0.02651603	-0.02658159
-0.03117749	-0.02871396	-0.02650809	-0.03140825	-0.02653472	-0.0266019
-0.03119378	-0.0287318	-0.02652666	-0.0314239	-0.02655311	-0.02662185
-0.03120977	-0.02874937	-0.02654501	-0.03144117	-0.02657319	-0.02664342
-0.03122562	-0.02876683	-0.02656305	-0.03145996	-0.02659302	-0.02666467
-0.03124126	-0.02878409	-0.02658274	-0.03147836	-0.02661253	-0.02668369
-0.03125658	-0.02880105	-0.02660218	-0.0314963	-0.02662979	-0.02670244
-0.03127152	-0.0288197	-0.02662127	-0.03151003	-0.02664678	-0.02672083
-0.03128806	-0.02883812	-0.02663991	-0.03152751	-0.02666549	-0.02674082
-0.03130429	-0.02885625	-0.02665621	-0.03154476	-0.026684	-0.02676049
-0.03132015	-0.02887398	-0.0266742	-0.0315617	-0.0267022	-0.02677974
-0.03133554	-0.02888941	-0.02669197	-0.03157822	-0.02672002	-0.02680056
-0.03135248	-0.0289066	-0.02670944	-0.03159426	-0.02673944	-0.02681919
-0.03136722	-0.02892364	-0.0267265	-0.0316118	-0.02675672	-0.02683763
-0.03138179	-0.02894045	-0.02674515	-0.03162894	-0.02677385	-0.02685577
-0.03139609	-0.02895695	-0.02676347	-0.03164378	-0.02679074	-0.0268735
-0.03141005	-0.02897303	-0.02678138	-0.0316583	-0.02680729	-0.02689282
-0.03142567	-0.02899071	-0.02679698	-0.03167243	-0.02682549	-0.02691181
-0.03144104	-0.02900807	-0.02681431	-0.03168814	-0.02684343	-0.02693036
-0.03145611	-0.02902321	-0.02683147	-0.03170355	-0.02686103	-0.02694865
-0.03147079	-0.02903812	-0.02684839	-0.03172065	-0.02687637	-0.02696684
-0.03148501	-0.02905272	-0.02686496	-0.03173755	-0.02689352	-0.02698483
-0.03150079	-0.02906901	-0.02688111	-0.03175234	-0.02691057	-0.02700668
-0.03151439	-0.02908506	-0.02689883	-0.03176702	-0.02692743	-0.02702452
-0.03152784	-0.02910082	-0.02691621	-0.03178152	-0.02694402	-0.02704189
-0.03154105	-0.02911619	-0.02693136	-0.03179576	-0.02696024	-0.0270608
-0.03155395	-0.02913318	-0.02694625	-0.03180965	-0.02697811	-0.02707749
-0.03156648	-0.0291499	-0.02696082	-0.03182338	-0.0269957	-0.02709396
-0.03158063	-0.02916443	-0.02697704	-0.03183711	-0.02701112	-0.02711011
-0.03159452	-0.02917879	-0.02699303	-0.03185077	-0.02702636	-0.02712793
-0.03160809	-0.02919289	-0.02700869	-0.03186611	-0.02704133	-0.02714552
-0.03162125	-0.02920666	-0.02702395	-0.03188304	-0.02705803	-0.02716278
-0.03163396	-0.02922209	-0.0270408	-0.03189786	-0.02707455	-0.02717962
-0.03164822	-0.02923728	-0.02705736	-0.03191258	-0.02709082	-0.02719597
-0.03166215	-0.02925218	-0.02707172	-0.03192711	-0.02710675	-0.02721199
-0.03167386	-0.02926669	-0.02708589	-0.03194139	-0.02712226	-0.02722785
-0.03168537	-0.02928075	-0.02709977	-0.03195534	-0.02713754	-0.02724347
-0.0316966	-0.02929637	-0.02711331	-0.0319689	-0.02715275	-0.02725875
-0.03170751	-0.02931165	-0.02712848	-0.03198198	-0.02716781	-0.02727569
-0.03172009	-0.02932471	-0.02714341	-0.0319966	-0.02718265	-0.02729239
-0.03173246	-0.02933754	-0.02715801	-0.03201087	-0.02719719	-0.02730877
-0.03174456	-0.02935008	-0.0271722	-0.03202289	-0.02721343	-0.02732292
-0.03175635	-0.02936434	-0.02718411	-0.03203467	-0.02722946	-0.02733684
-0.03176774	-0.02937842	-0.0271978	-0.03204822	-0.02724522	-0.02735251
-0.03177869	-0.02939225	-0.02721137	-0.03205956	-0.02726064	-0.02736804
-0.03179122	-0.02940578	-0.02722476	-0.03207045	-0.02727382	-0.02738335
-0.03180344	-0.02941893	-0.02723788	-0.0320829	-0.02728675	-0.02739836
-0.03181531	-0.02943164	-0.02725067	-0.03209501	-0.02730143	-0.02741299
-0.03182495	-0.02944592	-0.02726514	-0.0321088	-0.02731598	-0.02742923
-0.03183437	-0.0294599	-0.02727939	-0.03212239	-0.02733031	-0.02744519
-0.03184352	-0.02947167	-0.02729336	-0.0321357	-0.02734436	-0.02745898
-0.03185442	-0.02948326	-0.02730697	-0.03214869	-0.02735804	-0.02747258
-0.03186518	-0.0294946	-0.02732018	-0.03216337	-0.02737338	-0.02748594
-0.03187576	-0.02950562	-0.02733316	-0.03217579	-0.02738847	-0.02750103
-0.0318861	-0.02951834	-0.02734609	-0.03218797	-0.02740325	-0.02751597
-0.03189616	-0.02953088	-0.02735893	-0.03219802	-0.02741583	-0.02753068
-0.03190587	-0.02954316	-0.02737159	-0.03220978	-0.02742822	-0.0275451
-0.03191519	-0.02955514	-0.02738401	-0.03222137	-0.02744035	-0.02755914
-0.03192614	-0.02956676	-0.02739613	-0.03223272	-0.02745421	-0.02757482
-0.03193685	-0.02957795	-0.02740789	-0.03224379	-0.02746792	-0.02759024
-0.03194727	-0.02958866	-0.02742129	-0.03225657	-0.02748141	-0.02760351
-0.03195736	-0.0296009	-0.02743444	-0.03226921	-0.02749462	-0.02761664
-0.03196707	-0.02961098	-0.0274473	-0.03228164	-0.02750748	-0.02762956
-0.03197636	-0.02962091	-0.0274598	-0.03229381	-0.02751993	-0.02764219
-0.03198518	-0.02963063	-0.02747006	-0.03230568	-0.02753398	-0.02765654
-0.03199348	-0.02964009	-0.02748009	-0.03231718	-0.02754774	-0.02767072
-0.03200147	-0.02964922	-0.0274919	-0.03232827	-0.02755933	-0.02768467
-0.03200936	-0.02966004	-0.02750361	-0.03233707	-0.02757076	-0.02769831
-0.03201711	-0.02967068	-0.02751515	-0.03234768	-0.02758197	-0.02771158
-0.03202466	-0.02968109	-0.02752648	-0.03235613	-0.02759288	-0.02772442
-0.03203197	-0.0296912	-0.02753753	-0.0323681	-0.02760553	-0.02773701
-0.03203899	-0.02970097	-0.02754824	-0.03237781	-0.02761801	-0.02774954
-0.03204568	-0.02971035	-0.02756063	-0.0323873	-0.02763027	-0.02776195
-0.03205407	-0.02972136	-0.02757282	-0.0323965	-0.02764225	-0.02777417
-0.0320623	-0.0297303	-0.02758476	-0.03240745	-0.02765389	-0.02778613
-0.03207032	-0.0297392	-0.0275964	-0.03241619	-0.02766514	-0.02779777
-0.0320781	-0.02974801	-0.02760586	-0.03242449	-0.027678	-0.0278111
-0.03208559	-0.02975668	-0.02761515	-0.03243439	-0.02768879	-0.02782423
-0.03209277	-0.02976515	-0.02762423	-0.032444	-0.02769951	-0.02783712
-0.03209958	-0.02977337	-0.02763511	-0.03245537	-0.02771011	-0.02784969
-0.03210807	-0.02978336	-0.02764591	-0.03246455	-0.02772053	-0.02786006
-0.03211638	-0.02979326	-0.02765657	-0.03247332	-0.02773071	-0.02787025
-0.03212447	-0.02980302	-0.02766705	-0.03247981	-0.02774059	-0.02788227
-0.03213232	-0.02981259	-0.0276773	-0.03248604	-0.02775219	-0.02789423
-0.03213989	-0.02982193	-0.02768725	-0.03249794	-0.02776363	-0.02790607
-0.03214714	-0.02983099	-0.02769687	-0.03250768	-0.02777486	-0.02791775
-0.03215406	-0.02983972	-0.02770816	-0.03251521	-0.02778583	-0.02792918
-0.03216059	-0.02984808	-0.02771927	-0.03252256	-0.02779648	-0.02794033
-0.03216671	-0.0298581	-0.02773015	-0.0325297	-0.02780676	-0.02795112
-0.03217239	-0.02986792	-0.02774075	-0.03253839	-0.02781663	-0.02796358
-0.03217967	-0.0298775	-0.02775102	-0.0325447	-0.0278281	-0.02797584
-0.0321867	-0.02988496	-0.02775909	-0.03255066	-0.0278393	-0.02798782
-0.03219345	-0.02989235	-0.027767	-0.03255829	-0.02784836	-0.02799949
-0.0321999	-0.02989962	-0.02777468	-0.03256392	-0.02785731	-0.02800897
-0.03220603	-0.02990672	-0.02778416	-0.03256958	-0.0278661	-0.02801828
-0.03221179	-0.02991361	-0.02779357	-0.03257703	-0.02787467	-0.02802735
-0.03221718	-0.02992232	-0.02780287	-0.03258599	-0.02788298	-0.02803821
-0.03222033	-0.02993098	-0.02781201	-0.03259253	-0.02789303	-0.02804897
-0.0322233	-0.02993955	-0.02782094	-0.03259867	-0.02790298	-0.02805959
-0.03222604	-0.029948	-0.02782961	-0.03260648	-0.02791276	-0.02807001
-0.03223061	-0.02995629	-0.02783799	-0.03261407	-0.02792233	-0.02808018
-0.03223515	-0.02996437	-0.02784602	-0.03261959	-0.02793165	-0.02809005
-0.03223965	-0.02997221	-0.02785574	-0.03262692	-0.02794067	-0.02809957
-0.03224406	-0.02997976	-0.02786528	-0.03263393	-0.02794935	-0.02811075
-0.03224836	-0.029987	-0.02787461	-0.03264268	-0.02795764	-0.02812174
-0.03225254	-0.02999595	-0.02788368	-0.03265131	-0.02796756	-0.02813248
-0.03225656	-0.03000476	-0.02789245	-0.03265979	-0.02797727	-0.02814292
-0.03226039	-0.03001339	-0.02790088	-0.03266602	-0.0279867	-0.02815121
-0.03226401	-0.03002182	-0.02790895	-0.03266997	-0.02799584	-0.02815935
-0.0322674	-0.030030	-0.02791659	-0.03267576	-0.02800464	-0.0281673
-0.03227053	-0.03003792	-0.02792379	-0.03268152	-0.02801305	-0.02817501
-0.03227336	-0.03004552	-0.02793257	-0.03268905	-0.02801922	-0.02818451
-0.03227796	-0.03005097	-0.02794107	-0.0326999	-0.02802517	-0.02819391
-0.03228247	-0.03005629	-0.02794745	-0.03270624	-0.02803294	-0.02820318
-0.03228688	-0.03006144	-0.02795373	-0.03271039	-0.02804067	-0.02821226
-0.03229117	-0.0300664	-0.02795988	-0.0327162	-0.02804831	-0.02822113
-0.03229532	-0.03007318	-0.02796586	-0.03272158	-0.02805583	-0.02822971
-0.03229931	-0.03007994	-0.02797163	-0.0327265	-0.02806318	-0.02823798
-0.03230312	-0.03008665	-0.02797715	-0.03273118	-0.02807033	-0.02824796
-0.03230672	-0.03009327	-0.02798446	-0.03273768	-0.02807723	-0.0282578
-0.03231011	-0.03009977	-0.0279917	-0.03274208	-0.02808385	-0.02826743
-0.03231326	-0.03010611	-0.02799884	-0.03274826	-0.02809015	-0.02827684
-0.03231615	-0.03011226	-0.02800584	-0.03275228	-0.02809817	-0.02828598
-0.03231875	-0.0301182	-0.02801268	-0.0327562	-0.02810604	-0.02829482
-0.03232106	-0.03012388	-0.02801931	-0.032760	-0.02811374	-0.0283033
-0.03232513	-0.03012927	-0.02802572	-0.03276547	-0.02812124	-0.02831139
-0.03232911	-0.03013435	-0.02803185	-0.03277051	-0.02812849	-0.02831906
-0.03233301	-0.03014115	-0.02803769	-0.03277512	-0.02813547	-0.02832651
-0.0323368	-0.03014783	-0.02804319	-0.03277926	-0.02814214	-0.02833397
-0.03234047	-0.03015436	-0.02804833	-0.03278109	-0.02814848	-0.02834138
-0.03234401	-0.03016071	-0.02805515	-0.03278266	-0.02815444	-0.02834872
-0.03234741	-0.03016685	-0.0280618	-0.03278603	-0.028160	-0.02835593
-0.03235065	-0.03017277	-0.02806825	-0.03278935	-0.0281672	-0.02836299
-0.03235372	-0.03017843	-0.02807447	-0.03279261	-0.02817419	-0.02836985
-0.0323566	-0.0301838	-0.02808045	-0.03279577	-0.02818095	-0.02837648
-0.03235929	-0.03018887	-0.02808615	-0.03279882	-0.02818744	-0.02838283
-0.03236176	-0.0301936	-0.02809155	-0.03280175	-0.02819364	-0.02838886
-0.03236402	-0.03019797	-0.02809662	-0.03280453	-0.02819952	-0.02839662
-0.03236603	-0.03020195	-0.02809951	-0.03280714	-0.02820507	-0.02840424
-0.0323678	-0.0302076	-0.02810227	-0.03280956	-0.02821024	-0.02841169
-0.0323693	-0.03021306	-0.02810668	-0.03281178	-0.02821502	-0.02841895
-0.03237052	-0.0302165	-0.0281109	-0.03281377	-0.02821938	-0.02842596
-0.03237146	-0.03021997	-0.02811515	-0.03281551	-0.0282233	-0.02843272
-0.03237417	-0.03022343	-0.02811941	-0.03281698	-0.02822881	-0.02843917
-0.03237683	-0.03022687	-0.02812364	-0.03282026	-0.02823409	-0.02844529
-0.03237943	-0.03023025	-0.02812783	-0.03282348	-0.02823911	-0.02845105
-0.03238195	-0.03023356	-0.02813195	-0.03282481	-0.02824384	-0.02845641
-0.0323844	-0.03023676	-0.02813598	-0.03282607	-0.02824828	-0.02846342
-0.03238677	-0.03023984	-0.02813987	-0.03282906	-0.0282524	-0.02847022
-0.03238905	-0.03024275	-0.02814362	-0.03283193	-0.02825436	-0.02847679
-0.03239123	-0.03024548	-0.02814718	-0.03283468	-0.0282562	-0.02848311
-0.03239331	-0.03025007	-0.02815055	-0.03283729	-0.02825791	-0.02848914
-0.03239528	-0.03025469	-0.02815368	-0.03283975	-0.02825945	-0.02849487
-0.03239714	-0.03025932	-0.02815864	-0.03284204	-0.0282608	-0.02850025
-0.03239888	-0.03026392	-0.02816357	-0.03284416	-0.02826401	-0.02850528
-0.03240049	-0.03026849	-0.02816846	-0.03284609	-0.02826724	-0.02850992
-0.03240196	-0.03027301	-0.02817328	-0.03284781	-0.02827047	-0.02851232
-0.03240329	-0.03027745	-0.02817803	-0.03284932	-0.02827367	-0.0285166
-0.03240447	-0.03028179	-0.02818267	-0.03285059	-0.02827683	-0.02852092
-0.0324055	-0.03028602	-0.02818719	-0.0328537	-0.02827993	-0.02852524
-0.03240637	-0.03029011	-0.02819157	-0.03286047	-0.02828294	-0.02852955
-0.03240889	-0.03029405	-0.02819579	-0.03286101	-0.02828586	-0.02853381
-0.032411	-0.03029781	-0.02819983	-0.03286129	-0.02828865	-0.02853799
-0.03241268	-0.03030139	-0.02820549	-0.03287251	-0.0282913	-0.02854208
-0.03241395	-0.03030474	-0.02820886	-0.03287334	-0.02829379	-0.02854604
-0.03241479	-0.03030787	-0.02821199	-0.03287418	-0.02829609	-0.02854985
-0.03241521	-0.03031074	-0.02821488	-0.03287293	-0.0282982	-0.02855348
-0.03241521	-0.03031333	-0.02821749	-0.0328735	-0.02830009	-0.02855691
-0.03241479	-0.03031771	-0.02822189	-0.03287404	-0.02830174	-0.02856011
-0.03241395	-0.03032205	-0.02822623	-0.03287273	-0.0283052	-0.02856305
-0.03241268	-0.03032631	-0.02823051	-0.03287553	-0.02830865	-0.02856779
-0.032411	-0.03033049	-0.0282347	-0.03287854	-0.02831206	-0.02857248
-0.03240889	-0.03033459	-0.02823881	-0.03287969	-0.02831543	-0.0285771
-0.03240637	-0.03033858	-0.02824281	-0.0328787	-0.02831874	-0.02858163
-0.0324055	-0.03034245	-0.02824669	-0.03287948	-0.02832197	-0.02858605
-0.03240447	-0.03034619	-0.02825045	-0.03288019	-0.02832512	-0.02859035
-0.03240329	-0.03034978	-0.02825405	-0.03288083	-0.02832817	-0.02859449
-0.03240196	-0.03035322	-0.0282575	-0.03288138	-0.02833111	-0.02859847
-0.03240049	-0.03035648	-0.02826078	-0.03288392	-0.02833393	-0.02860226
-0.03239888	-0.03035956	-0.02826387	-0.03288455	-0.0283366	-0.02860585
-0.03239714	-0.03036244	-0.02826677	-0.03288508	-0.02833913	-0.0286092
-0.03239528	-0.03036512	-0.02826946	-0.03288551	-0.02834149	-0.02861231
-0.03239331	-0.03036757	-0.02827192	-0.03288584	-0.02834367	-0.02861516
-0.03239123	-0.03036978	-0.02827415	-0.03288604	-0.02834566	-0.02861772
-0.03238905	-0.03037174	-0.02827612	-0.03288613	-0.02834745	-0.02862204
-0.03238677	-0.03037344	-0.02827783	-0.03288999	-0.02835085	-0.02862631
-0.0323844	-0.03037486	-0.02827927	-0.0328919	-0.02835194	-0.0286305
-0.03238195	-0.030376	-0.02828042	-0.03289395	-0.02835462	-0.02863459
-0.03237943	-0.03037683	-0.02828126	-0.03289405	-0.02835706	-0.02863675
-0.03237683	-0.03037942	-0.02828179	-0.03288986	-0.02836133	-0.02864087
-0.03237417	-0.03038195	-0.02828407	-0.03288918	-0.02836535	-0.02864485
-0.03237146	-0.0303844	-0.02828627	-0.03289224	-0.02836912	-0.02864867
-0.0323687	-0.03038677	-0.02828837	-0.03289308	-0.02837264	-0.02865234
-0.0323659	-0.03038904	-0.02829039	-0.03289352	-0.0283759	-0.02865582
-0.03236305	-0.03039123	-0.0282923	-0.03289173	-0.02837892	-0.02865912
-0.03236019	-0.03039331	-0.02829592	-0.03289369	-0.02838169	-0.02866221
-0.03235729	-0.03039528	-0.02829919	-0.03289342	-0.02838421	-0.02866508
-0.03235438	-0.03039714	-0.02830209	-0.03289483	-0.02838648	-0.02866772
-0.03235146	-0.03039888	-0.02830463	-0.0328922	-0.0283885	-0.02867012
-0.03235037	-0.03040048	-0.02830681	-0.03289149	-0.02839026	-0.02867227
-0.03234902	-0.03040196	-0.02830863	-0.03289272	-0.02839178	-0.02867414
-0.03234745	-0.03040329	-0.02831009	-0.03289381	-0.02839305	-0.02867573
-0.03234566	-0.03040447	-0.02831118	-0.03289085	-0.02839407	-0.02867703
-0.03234367	-0.0304055	-0.02831192	-0.03288959	-0.02839484	-0.02867802
-0.03234149	-0.03040819	-0.02831229	-0.03288792	-0.02839536	-0.02868076
-0.03233913	-0.03041047	-0.0283123	-0.03288586	-0.02839563	-0.02868342
-0.0323366	-0.03041234	-0.02831195	-0.03288366	-0.02839565	-0.02868601
-0.03233393	-0.03041379	-0.02831123	-0.0328834	-0.02839542	-0.0286885
-0.03233111	-0.03041482	-0.02831016	-0.032883	-0.02839494	-0.0286909
-0.03232817	-0.03041544	-0.02830872	-0.03288247	-0.02839421	-0.0286932
-0.03232512	-0.03041565	-0.02830692	-0.03288183	-0.02839323	-0.02869539
-0.03232197	-0.03041544	-0.02830476	-0.03288107	-0.028392	-0.02869747
-0.03231873	-0.03041482	-0.02830224	-0.03288019	-0.02839052	-0.02869942
-0.03231543	-0.03041379	-0.02829936	-0.03287922	-0.02838879	-0.02870124
-0.03231206	-0.03041234	-0.02829611	-0.03287815	-0.02838681	-0.02870293
-0.03230865	-0.03041047	-0.02829458	-0.03287699	-0.02838458	-0.02870448
-0.0323052	-0.03040819	-0.02829295	-0.03287575	-0.0283821	-0.02870771
-0.03230174	-0.0304055	-0.02828915	-0.03287626	-0.02837938	-0.02871053
-0.03229826	-0.03040447	-0.02828707	-0.03287463	-0.0283764	-0.02871295
-0.0322948	-0.03040329	-0.02828491	-0.03287295	-0.02837317	-0.02871498
-0.03229135	-0.03040196	-0.02828266	-0.03287303	-0.02836969	-0.0287166
-0.03228794	-0.03040048	-0.02828034	-0.03287101	-0.02836596	-0.02871782
-0.03228457	-0.03039888	-0.02827795	-0.03286896	-0.02836198	-0.02871864
-0.03228309	-0.03039714	-0.02827733	-0.03287078	-0.02835775	-0.02871905
-0.03228143	-0.03039528	-0.02827639	-0.03287052	-0.02835328	-0.02871907
-0.03227962	-0.03039331	-0.02827517	-0.0328682	-0.02834855	-0.02871869
-0.03227768	-0.03039123	-0.02827368	-0.03286772	-0.02834747	-0.0287179
-0.03227561	-0.03038904	-0.02827192	-0.03286701	-0.02834616	-0.02871671
-0.03227346	-0.03038677	-0.02826991	-0.03286609	-0.02834463	-0.02871512
-0.03227123	-0.0303844	-0.02826767	-0.03286498	-0.02834288	-0.02871314
-0.03226894	-0.03038195	-0.0282652	-0.03286368	-0.02834094	-0.02871075
-0.03226661	-0.03037942	-0.02826252	-0.03286221	-0.02833881	-0.02870795
-0.03226427	-0.03037683	-0.02825964	-0.03286058	-0.02833651	-0.02870476
-0.03226193	-0.03037417	-0.02825658	-0.03285881	-0.02833406	-0.02870324
-0.03225962	-0.03037146	-0.02825335	-0.03285691	-0.02833146	-0.02870159
-0.03225735	-0.0303687	-0.02824996	-0.03285489	-0.02832872	-0.0286998
-0.03225514	-0.0303659	-0.02824642	-0.03285276	-0.02832587	-0.02869788
-0.03225301	-0.03036306	-0.02824276	-0.03284638	-0.02832292	-0.02869584
-0.03224891	-0.03036019	-0.02823897	-0.03284356	-0.02831987	-0.02869368
-0.03224466	-0.03035729	-0.02823508	-0.03284249	-0.02831674	-0.02869141
-0.0322403	-0.03035621	-0.02822902	-0.03283072	-0.02831355	-0.02868905
-0.03223582	-0.03035487	-0.02822653	-0.03282774	-0.02831031	-0.02868658
-0.03223125	-0.03035328	-0.02822371	-0.03282446	-0.02830702	-0.02868403
-0.03222658	-0.03035147	-0.0282206	-0.0328209	-0.02830371	-0.0286814
-0.03222185	-0.03034943	-0.02821721	-0.03281706	-0.02830038	-0.02867869
-0.03221888	-0.0303472	-0.02821355	-0.03281298	-0.02829706	-0.02867591
-0.03221562	-0.03034477	-0.02820966	-0.03281075	-0.02829375	-0.02867307
-0.03221208	-0.03034217	-0.02820555	-0.0328065	-0.02829047	-0.028672
-0.03220829	-0.0303394	-0.02820123	-0.03280389	-0.02828722	-0.02867063
-0.03220427	-0.03033648	-0.02819674	-0.03279904	-0.02828403	-0.02866898
-0.03220004	-0.03033342	-0.02819208	-0.03279407	-0.02828273	-0.02866706
-0.03219561	-0.03033024	-0.02818729	-0.03278897	-0.02828126	-0.02866488
-0.03219101	-0.03032694	-0.02818237	-0.03278561	-0.02827964	-0.02866246
-0.03218625	-0.03032355	-0.02817735	-0.03278193	-0.02827789	-0.02865981
-0.03218136	-0.03032007	-0.02817407	-0.03277794	-0.02827604	-0.02865695
-0.03217635	-0.03031652	-0.02817048	-0.03277369	-0.0282741	-0.02865388
-0.03217125	-0.03031291	-0.02816661	-0.0327692	-0.02827208	-0.02865061
-0.03216607	-0.03030926	-0.02816249	-0.03276448	-0.02827002	-0.02864717
-0.03216083	-0.03030557	-0.02815813	-0.03275958	-0.02826793	-0.02864357
-0.03215557	-0.03030186	-0.02815357	-0.03275451	-0.02826583	-0.02863982
-0.03215028	-0.03029814	-0.02814883	-0.03274931	-0.02826374	-0.02863592
-0.03214499	-0.03029626	-0.02814394	-0.03274399	-0.02826168	-0.02863191
-0.03214156	-0.03029415	-0.02813893	-0.03273651	-0.02825759	-0.02862778
-0.03213792	-0.03029183	-0.02813382	-0.03273262	-0.02825538	-0.02862355
-0.0321341	-0.03028932	-0.02812863	-0.03272844	-0.02825301	-0.02861923
-0.03213013	-0.03028665	-0.0281234	-0.032724	-0.02825231	-0.02861693
-0.03212604	-0.03028383	-0.02811815	-0.03271934	-0.02824941	-0.02861457
-0.03212185	-0.03028088	-0.02811291	-0.0327145	-0.02824615	-0.02861192
-0.03211758	-0.03027782	-0.02810952	-0.03270743	-0.02824255	-0.02860901
-0.03211327	-0.03027468	-0.02810594	-0.03269997	-0.02823863	-0.02860585
-0.03210894	-0.03027146	-0.02810222	-0.03269216	-0.02823441	-0.02860246
-0.03210462	-0.0302682	-0.02809837	-0.0326861	-0.02822991	-0.02859887
-0.03210033	-0.0302649	-0.02809235	-0.03267791	-0.02822515	-0.02859508
-0.0320961	-0.0302616	-0.02808602	-0.03266946	-0.02822198	-0.02859114
-0.03209195	-0.0302583	-0.02807939	-0.03266259	-0.02822016	-0.02858704
-0.03208792	-0.03025504	-0.02807251	-0.03265551	-0.02821766	-0.02858282
-0.03208194	-0.03025365	-0.02806539	-0.03265033	-0.02821451	-0.02857848
-0.0320777	-0.03025208	-0.02805806	-0.03264293	-0.02821073	-0.02857406
-0.03207313	-0.03025036	-0.02805237	-0.03263517	-0.02820636	-0.02856957
-0.03206827	-0.03024852	-0.02804627	-0.03262917	-0.02820144	-0.02856503
-0.03206314	-0.03024657	-0.0280398	-0.03262105	-0.028196	-0.02856228
-0.03205776	-0.03024248	-0.028033	-0.03261086	-0.02819006	-0.02855928
-0.03205217	-0.03023808	-0.02802589	-0.03260252	-0.02818367	-0.02855605
-0.03204639	-0.03023339	-0.0280185	-0.03259606	-0.02817685	-0.02855261
-0.03204044	-0.03022844	-0.02801088	-0.03258945	-0.02816965	-0.028549
-0.03203435	-0.03022325	-0.02800304	-0.03258064	-0.02816208	-0.02854523
-0.03202815	-0.03021782	-0.02799504	-0.03257358	-0.02815419	-0.02854135
-0.03202187	-0.03021219	-0.02798689	-0.0325644	-0.02814601	-0.02853736
-0.03201553	-0.03020637	-0.02798046	-0.03255703	-0.02813756	-0.0285333
-0.03200916	-0.03020038	-0.02797371	-0.03254944	-0.02812889	-0.02852919
-0.03200277	-0.03019607	-0.02796667	-0.03254166	-0.02812003	-0.02852506
-0.03199824	-0.03019139	-0.02795939	-0.03253374	-0.02811101	-0.02852094
-0.0319935	-0.03018635	-0.02795191	-0.03252572	-0.02810185	-0.02851686
-0.03198859	-0.030181	-0.02794426	-0.03251763	-0.0280926	-0.02851258
-0.03198355	-0.03017535	-0.02793649	-0.03250743	-0.02808329	-0.02850788
-0.03197841	-0.03016942	-0.02792863	-0.03249907	-0.02807395	-0.02850278
-0.0319732	-0.03016326	-0.02792073	-0.03249257	-0.02806461	-0.02849731
-0.03196795	-0.03015688	-0.02791282	-0.03248202	-0.02805531	-0.02849151
-0.0319627	-0.0301503	-0.02790676	-0.03247523	-0.02804608	-0.02848539
-0.03195748	-0.03014357	-0.02790054	-0.03246654	-0.02803695	-0.02847897
-0.03195024	-0.03013669	-0.0278921	-0.03245781	-0.02802795	-0.0284723
-0.03194284	-0.03013153	-0.02788333	-0.03244882	-0.02801913	-0.02846539
-0.0319353	-0.03012604	-0.02787425	-0.03244169	-0.0280105	-0.02845827
-0.03192947	-0.03012024	-0.02786491	-0.03243257	-0.02800003	-0.02845096
-0.03192332	-0.03011236	-0.02785534	-0.03242331	-0.02798956	-0.02844532
-0.03191686	-0.03010631	-0.0278456	-0.03241397	-0.02798095	-0.02843931
-0.03191014	-0.03010006	-0.02783753	-0.03240639	-0.02797216	-0.02843295
-0.03190318	-0.03009363	-0.02782911	-0.03239856	-0.02796321	-0.02842627
-0.03189602	-0.03008706	-0.02782038	-0.03238868	-0.02795414	-0.02841932
-0.0318887	-0.03008039	-0.0278114	-0.03237889	-0.02794498	-0.02841212
-0.03188124	-0.03007363	-0.0278022	-0.03237104	-0.02793576	-0.0284047
-0.03187367	-0.03006684	-0.02779283	-0.03236127	-0.02792652	-0.02839711
-0.03186604	-0.03006003	-0.02778334	-0.03235354	-0.02791729	-0.02838936
-0.03185838	-0.03005325	-0.02777378	-0.0323458	-0.02790811	-0.02838151
-0.03185071	-0.0300447	-0.02776601	-0.0323381	-0.027899	-0.02837539
-0.03184306	-0.03003465	-0.02775801	-0.03233049	-0.027890	-0.02836898
-0.03183731	-0.0300307	-0.02774983	-0.03232094	-0.02788113	-0.02836231
-0.03183141	-0.03002455	-0.02774153	-0.03231314	-0.02787245	-0.02835543
-0.03182539	-0.03001807	-0.02773108	-0.03230322	-0.02786397	-0.02834836
-0.0318193	-0.03001129	-0.02772035	-0.03229513	-0.02785573	-0.02834117
-0.03181318	-0.03000424	-0.02770938	-0.03228685	-0.02784776	-0.02833387
-0.03180706	-0.02999879	-0.02769823	-0.03227841	-0.0278401	-0.02832651
-0.03179891	-0.02999106	-0.02768876	-0.03226986	-0.02783278	-0.02831913
-0.03179059	-0.02998317	-0.02767895	-0.03226125	-0.02782765	-0.0283136
-0.03178213	-0.02997333	-0.02766885	-0.03225262	-0.02782269	-0.0283058
-0.03177356	-0.02996729	-0.02765851	-0.03224377	-0.02781792	-0.0282976
-0.03176674	-0.02996094	-0.02764799	-0.03223657	-0.02781338	-0.02828904
-0.03175962	-0.02995431	-0.02763734	-0.03222924	-0.02780705	-0.02828015
-0.03175226	-0.02994744	-0.02762661	-0.03222184	-0.02780077	-0.02827098
-0.03174469	-0.02994037	-0.02761767	-0.03221234	-0.02779458	-0.02826157
-0.03173695	-0.02993315	-0.02760852	-0.03220261	-0.02778851	-0.02825196
-0.03172908	-0.02992581	-0.02759713	-0.03219271	-0.02778259	-0.02824218
-0.03172111	-0.02991656	-0.02758537	-0.03218267	-0.02777686	-0.02823411
-0.03171309	-0.02990935	-0.02757331	-0.03217254	-0.02777136	-0.02822569
-0.03170506	-0.02990395	-0.02756099	-0.03216237	-0.0277661	-0.028217
-0.03169705	-0.02989834	-0.02754847	-0.03215402	-0.02776113	-0.02820806
-0.03169094	-0.02989257	-0.02753579	-0.03213453	-0.02775649	-0.02819893
-0.03168468	-0.02988667	-0.02752484	-0.03213462	-0.02775219	-0.02818965
-0.03167833	-0.02987862	-0.0275136	-0.03212812	-0.02774828	-0.02818027
-0.03166985	-0.02987028	-0.02750213	-0.03212132	-0.02774661	-0.02817084
-0.0316611	-0.02986168	-0.02749048	-0.0321122	-0.02774514	-0.02816139
-0.03165214	-0.02985288	-0.02747871	-0.03210265	-0.02774184	-0.02815381
-0.03164299	-0.02984391	-0.0274669	-0.0320927	-0.02773856	-0.02814606
-0.03163369	-0.02983481	-0.02745508	-0.03208242	-0.02773534	-0.02813612
-0.0316243	-0.02982744	-0.02744515	-0.03207186	-0.02773221	-0.02812586
-0.03161483	-0.02981976	-0.02743302	-0.03206106	-0.02772919	-0.02811533
-0.03160716	-0.02981184	-0.02742057	-0.03205009	-0.02772634	-0.02810457
-0.03159926	-0.02980371	-0.02740786	-0.03204082	-0.02772367	-0.02809363
-0.03159117	-0.02979542	-0.02739494	-0.0320294	-0.02772122	-0.02808256
-0.03158294	-0.02978701	-0.02738189	-0.03201798	-0.02771902	-0.02807322
-0.03157462	-0.02977854	-0.02736876	-0.03200841	-0.02771503	-0.02806359
-0.03156624	-0.02977004	-0.02735742	-0.03199662	-0.02770903	-0.02805373
-0.03155787	-0.02976156	-0.02734588	-0.03198654	-0.02770284	-0.02804368
-0.03154953	-0.02975107	-0.02733419	-0.03197435	-0.02769651	-0.0280335
-0.03153921	-0.02973862	-0.02732242	-0.03196191	-0.02769186	-0.02802325
-0.03152876	-0.02972996	-0.02730857	-0.0319511	-0.02768686	-0.02801296
-0.03152005	-0.02972097	-0.0272945	-0.03193992	-0.02768151	-0.0280027
-0.03151105	-0.02971172	-0.02728211	-0.0319284	-0.02767586	-0.02799227
-0.0315018	-0.02970224	-0.02726939	-0.0319187	-0.02766993	-0.02798146
-0.03149235	-0.02969257	-0.02725639	-0.03190332	-0.02766374	-0.02797034
-0.03148275	-0.0296773	-0.0272432	-0.03189195	-0.02765731	-0.02795894
-0.03147303	-0.02966998	-0.02722986	-0.03188022	-0.02765069	-0.02794732
-0.03146326	-0.02966235	-0.02721645	-0.03187003	-0.02764389	-0.02793554
-0.03145347	-0.02965446	-0.02720304	-0.03185754	-0.02763693	-0.02792365
-0.0314437	-0.02964637	-0.02719151	-0.03184671	-0.02762985	-0.0279117
-0.03143584	-0.02963813	-0.02717778	-0.03183371	-0.02762268	-0.02790156
-0.03142604	-0.02962614	-0.02716374	-0.0318131	-0.02761543	-0.02789123
-0.03141822	-0.02961616	-0.02715128	-0.03180786	-0.02760813	-0.02788075
-0.03140831	-0.02960593	-0.02713657	-0.03178135	-0.02760264	-0.0278702
-0.03139816	-0.02959547	-0.02712176	-0.03176558	-0.02759691	-0.02785962
-0.03138782	-0.02958666	-0.02710874	-0.0317575	-0.02759097	-0.02784699
-0.03137734	-0.02957748	-0.02709549	-0.03174887	-0.02758486	-0.02783421
-0.03136677	-0.02956797	-0.0270821	-0.03173976	-0.02757861	-0.02782313
-0.03135615	-0.0295582	-0.02706862	-0.03172817	-0.02757224	-0.02781175
-0.03134552	-0.02954638	-0.02705515	-0.03169069	-0.02756581	-0.02780013
-0.03133676	-0.02953829	-0.02703967	-0.03168559	-0.02755933	-0.02778832
-0.03132784	-0.02952802	-0.02702589	-0.03167971	-0.02755284	-0.02777637
-0.03131882	-0.02951951	-0.02701182	-0.03167127	-0.02754637	-0.02776436
-0.03130975	-0.02950867	-0.02699751	-0.0316622	-0.02753996	-0.02775234
-0.03130067	-0.02949738	-0.02698306	-0.03165256	-0.02753364	-0.0277422
-0.03128957	-0.02948568	-0.02696852	-0.03164243	-0.02752744	-0.02773191
-0.03127832	-0.02947572	-0.02695397	-0.03163187	-0.02752321	-0.02771948
-0.03126878	-0.02946364	-0.02693948	-0.03162095	-0.02751685	-0.02770678
-0.03125893	-0.02945132	-0.02692488	-0.03160768	-0.02751022	-0.02769387
-0.03124883	-0.02943882	-0.02690998	-0.03158847	-0.02750333	-0.02768081
-0.03123852	-0.02942801	-0.02689485	-0.03157898	-0.02749623	-0.02766949
-0.03122806	-0.02941688	-0.02687956	-0.03156914	-0.02748895	-0.0276579
-0.0312175	-0.02940548	-0.02686419	-0.03155879	-0.02748153	-0.02764609
-0.0312069	-0.02939387	-0.02684882	-0.031548	-0.02747398	-0.02763414
-0.0311963	-0.02938212	-0.0268335	-0.03153137	-0.02746636	-0.02762211
-0.03118759	-0.02937028	-0.02682015	-0.03152043	-0.02745869	-0.02761006
-0.03117875	-0.02936048	-0.02680467	-0.03150902	-0.02745099	-0.027596
-0.03116982	-0.02935306	-0.02678898	-0.03149721	-0.02744332	-0.02758361
-0.0311588	-0.02934184	-0.02677314	-0.03148508	-0.0274357	-0.0275709
-0.03114757	-0.02933027	-0.02675722	-0.03147064	-0.02742998	-0.02755792
-0.03113617	-0.02931844	-0.02674313	-0.03145786	-0.02742413	-0.02754474
-0.03112466	-0.02930637	-0.02672885	-0.03144292	-0.02741819	-0.02753144
-0.03111309	-0.02929415	-0.02671448	-0.03142953	-0.0274122	-0.02751807
-0.03110151	-0.02927975	-0.02670009	-0.03141388	-0.02740619	-0.0275047
-0.03109181	-0.02926713	-0.02668368	-0.03139994	-0.02740021	-0.02749321
-0.03108195	-0.02925634	-0.02666715	-0.03138571	-0.02739221	-0.02747954
-0.03107201	-0.02924745	-0.02665057	-0.03137127	-0.02738407	-0.02746556
-0.03106204	-0.02923455	-0.02663584	-0.03135462	-0.0273758	-0.02745135
-0.03105002	-0.02922135	-0.02662095	-0.03133766	-0.02736744	-0.02743697
-0.03103783	-0.02920609	-0.026606	-0.03132046	-0.02735903	-0.02742248
-0.03102552	-0.02919272	-0.02659105	-0.03130491	-0.02735059	-0.02740795
-0.03101497	-0.02917922	-0.02657411	-0.03128903	-0.02734216	-0.02739527
-0.03100416	-0.02916747	-0.02655707	-0.03127288	-0.02733561	-0.02738244
-0.03099315	-0.02915547	-0.02654183	-0.03125654	-0.02732887	-0.02736952
-0.03098199	-0.02914536	-0.0265264	-0.03124193	-0.02732201	-0.02735452
-0.03097076	-0.0291333	-0.02651085	-0.03122704	-0.02731506	-0.02733932
-0.0309595	-0.02911912	-0.02649526	-0.03121197	-0.02730805	-0.02732399
-0.03094828	-0.02910468	-0.0264797	-0.03119471	-0.02730103	-0.02731042
-0.03093508	-0.02909006	-0.02646427	-0.03118965	-0.02729404	-0.0272966
-0.03092359	-0.02907531	-0.02644878	-0.03116517	-0.02728711	-0.0272826
-0.03091181	-0.02906232	-0.02643306	-0.0311458	-0.02728029	-0.02726851
-0.03089978	-0.02904907	-0.02641719	-0.03112797	-0.02727153	-0.02725438
-0.03088758	-0.02903563	-0.02640125	-0.03110969	-0.0272627	-0.0272403
-0.03087525	-0.02902206	-0.02638531	-0.03109102	-0.02725383	-0.02722426
-0.03086286	-0.02900844	-0.02636946	-0.03107205	-0.02724677	-0.02720997
-0.03085047	-0.02899482	-0.0263556	-0.03105285	-0.02723949	-0.02719542
-0.03083996	-0.0289792	-0.02633966	-0.03103534	-0.02723202	-0.02718069
-0.03082932	-0.02896527	-0.02632354	-0.03101751	-0.02722441	-0.02716586
-0.03081653	-0.02895104	-0.02630732	-0.03099946	-0.02721669	-0.02715099
-0.03080349	-0.02893657	-0.02629108	-0.03097918	-0.02720891	-0.02713615
-0.03079024	-0.02892192	-0.0262749	-0.0309625	-0.0272011	-0.02712325
-0.03077685	-0.02890716	-0.02626068	-0.03094559	-0.02719331	-0.02710821
-0.03076338	-0.02889235	-0.02624644	-0.03092465	-0.02718556	-0.02709292
-0.03075171	-0.02887939	-0.02623017	-0.03090547	-0.02717791	-0.02707745
-0.03073983	-0.02886626	-0.02621378	-0.03088608	-0.02717039	-0.02706188
-0.03072781	-0.02885305	-0.02619736	-0.03086656	-0.02716487	-0.02704628
-0.03071571	-0.02884189	-0.02618097	-0.03084881	-0.02715723	-0.02703255
-0.03070359	-0.0288269	-0.0261647	-0.03082877	-0.02714934	-0.02701869
-0.03068945	-0.02881178	-0.02615046	-0.03080835	-0.02714125	-0.02700478
-0.03067699	-0.02879661	-0.02613416	-0.03078764	-0.02713298	-0.02698881
-0.03066421	-0.02878326	-0.02611772	-0.03076855	-0.02712458	-0.02697269
-0.03065116	-0.02876974	-0.02610122	-0.03075142	-0.02711608	-0.02695649
-0.03063791	-0.02876235	-0.02608473	-0.03073062	-0.02710754	-0.02694028
-0.03062453	-0.0287474	-0.02606832	-0.03070964	-0.02709898	-0.02692595
-0.03061109	-0.02873226	-0.0260521	-0.03069013	-0.02709045	-0.02691151
-0.03059764	-0.02871698	-0.02603794	-0.03066829	-0.02708198	-0.02689705
-0.03058609	-0.02870346	-0.02602179	-0.0306481	-0.02707545	-0.02688262
-0.03057234	-0.02868969	-0.02600555	-0.03062757	-0.02706881	-0.02686624
-0.03056037	-0.02867991	-0.02598929	-0.0306151	-0.02706211	-0.02684981
-0.03054635	-0.02866639	-0.02597103	-0.03058691	-0.02705541	-0.02683522
-0.03053216	-0.02865285	-0.02595472	-0.0305805	-0.02704666	-0.02682047
-0.03051787	-0.02863936	-0.02594046	-0.03056555	-0.02703774	-0.02680564
-0.03050537	-0.02862393	-0.02592417	-0.0305448	-0.02702868	-0.02679081
-0.03049266	-0.02861026	-0.02590775	-0.03052357	-0.02701952	-0.02677606
-0.03047981	-0.02859636	-0.02589129	-0.03050192	-0.0270103	-0.0267594
-0.03046688	-0.02858228	-0.02587486	-0.03047996	-0.02700106	-0.02674453
-0.03045397	-0.02857019	-0.02585854	-0.03049077	-0.02699184	-0.02672946
-0.03043905	-0.02855417	-0.02584242	-0.03046792	-0.02698451	-0.02671428
-0.03042584	-0.02854004	-0.02582631	-0.0304485	-0.02697703	-0.02669906
-0.03041234	-0.02852577	-0.02581004	-0.03043051	-0.02696944	-0.02668387
-0.03039862	-0.02851119	-0.02579369	-0.03041014	-0.0269618	-0.02666881
-0.03038475	-0.02849636	-0.02577734	-0.03039139	-0.02695415	-0.02665369
-0.03037081	-0.02848137	-0.02576108	-0.03037226	-0.02694653	-0.02663834
-0.03035686	-0.02846629	-0.02574497	-0.03035285	-0.02693692	-0.02662283
-0.0303409	-0.02845118	-0.02572909	-0.03033325	-0.02692718	-0.02660726
-0.03032666	-0.02843795	-0.02571145	-0.03031537	-0.02691735	-0.02659169
-0.03031211	-0.02842459	-0.02569578	-0.03030348	-0.02690746	-0.02657621
-0.03029733	-0.02840911	-0.02568006	-0.03028389	-0.02689938	-0.02655881
-0.0302824	-0.0283934	-0.02566439	-0.03026401	-0.02689109	-0.02654323
-0.03026739	-0.02837754	-0.02564883	-0.03024185	-0.02688262	-0.02652745
-0.03025237	-0.02836159	-0.02563347	-0.03022323	-0.02687402	-0.02651156
-0.03023923	-0.02834563	-0.02561838	-0.03020848	-0.02686534	-0.02649563
-0.03022391	-0.02833156	-0.02560158	-0.03018785	-0.02685663	-0.02647976
-0.03020829	-0.02831738	-0.02558677	-0.03016871	-0.02684792	-0.026464
-0.03019245	-0.02830317	-0.02557196	-0.03014728	-0.02683927	-0.02644638
-0.03017647	-0.02828693	-0.02555723	-0.03012572	-0.02683072	-0.0264306
-0.03016041	-0.02827054	-0.02554266	-0.03010594	-0.02682024	-0.02641467
-0.03014617	-0.02825593	-0.02552624	-0.03008596	-0.02681152	-0.02639867
-0.03013175	-0.02824107	-0.02550989	-0.03006589	-0.02680253	-0.02638267
-0.03011723	-0.02822606	-0.02549366	-0.03004557	-0.02679331	-0.02636676
-0.0301027	-0.02821097	-0.02547946	-0.03002693	-0.02678391	-0.02635102
-0.03008614	-0.02819588	-0.02546528	-0.03000616	-0.02677438	-0.02633344
-0.03006947	-0.02817879	-0.02544938	-0.02997789	-0.02676475	-0.02631775
-0.03005457	-0.0281616	-0.02543574	-0.02995963	-0.02675509	-0.02630194
-0.03003944	-0.0281462	-0.02542028	-0.02994109	-0.02674543	-0.0262861
-0.03002417	-0.0281306	-0.02540489	-0.02992238	-0.02673581	-0.02627031
-0.03000884	-0.02811695	-0.02538965	-0.02990908	-0.02672812	-0.02625465
-0.02999352	-0.02810144	-0.02537463	-0.02988753	-0.02672032	-0.02623918
-0.02997803	-0.02808596	-0.0253599	-0.02986589	-0.02671247	-0.02622192
-0.02996222	-0.02807036	-0.02534737	-0.02985519	-0.02670254	-0.02620659
-0.02994614	-0.02805444	-0.02533294	-0.02983582	-0.0266924	-0.02619119
-0.02992989	-0.02803829	-0.02531853	-0.02981412	-0.02668211	-0.02617579
-0.02991354	-0.028022	-0.0253042	-0.02979201	-0.02667169	-0.02616048
-0.02989717	-0.02800563	-0.02529002	-0.02976779	-0.02666121	-0.02614533
-0.02988268	-0.02798926	-0.02527607	-0.02974544	-0.0266507	-0.02612835
-0.02986809	-0.02797298	-0.02526242	-0.02972301	-0.02664205	-0.02611143
-0.02985139	-0.0279587	-0.02524706	-0.02970241	-0.02663321	-0.02609647
-0.0298345	-0.02794232	-0.02523371	-0.02968168	-0.02662426	-0.02608147
-0.02981749	-0.02792578	-0.02522037	-0.02965886	-0.02661522	-0.02606651
-0.02980044	-0.02790913	-0.0252071	-0.02963405	-0.02660617	-0.02605167
-0.02978525	-0.02789247	-0.02519398	-0.02961308	-0.02659715	-0.02603703
-0.02976994	-0.02787768	-0.02518108	-0.02959737	-0.02658614	-0.02602058
-0.02975458	-0.02786279	-0.02516639	-0.02957718	-0.02657501	-0.02600423
-0.02973719	-0.02784788	-0.02515181	-0.02952003	-0.0265638	-0.02598987
-0.02971966	-0.02783095	-0.02513922	-0.02950188	-0.02655439	-0.02597551
-0.02970391	-0.02781391	-0.02512663	-0.02948337	-0.02654474	-0.02596122
-0.02968794	-0.02779684	-0.02511409	-0.02946461	-0.02653492	-0.02594708
-0.02967183	-0.02778163	-0.02510169	-0.02944363	-0.02652498	-0.02593109
-0.02965567	-0.02776631	-0.02508742	-0.02942235	-0.02651496	-0.02591515
-0.02963955	-0.02775095	-0.02507317	-0.02940298	-0.02650492	-0.02589933
-0.02962148	-0.02773356	-0.02505901	-0.02938353	-0.02649492	-0.02588371
-0.02960517	-0.02771604	-0.025045	-0.02936386	-0.026485	-0.02587017
-0.02958865	-0.02769848	-0.0250312	-0.02934592	-0.02647314	-0.02585673
-0.02957199	-0.02768278	-0.02501769	-0.02932384	-0.02646304	-0.02584138
-0.02955528	-0.02766694	-0.02500635	-0.02930345	-0.02645266	-0.02582603
-0.02953861	-0.02765105	-0.0249931	-0.02928279	-0.02644207	-0.02581073
-0.0295218	-0.0276352	-0.02497983	-0.02926197	-0.02643132	-0.02579557
-0.0295047	-0.0276174	-0.02496661	-0.02923902	-0.02642045	-0.02578062
-0.02948738	-0.02759954	-0.02495349	-0.02921977	-0.02640953	-0.02576594
-0.02946994	-0.02758353	-0.02494056	-0.02920045	-0.02639859	-0.02575345
-0.02945245	-0.02756738	-0.02492787	-0.02917909	-0.02638771	-0.02573905
-0.02943683	-0.02755117	-0.02491549	-0.02915737	-0.02637692	-0.02572465
-0.02942109	-0.027535	-0.0249014	-0.02913724	-0.02636628	-0.02571032
-0.02940325	-0.02751686	-0.0248875	-0.0291149	-0.0263556	-0.02569613
-0.02938521	-0.02749866	-0.02487383	-0.0290923	-0.02634466	-0.02568215
-0.02936706	-0.02748231	-0.02486229	-0.02906954	-0.02633353	-0.02566846
-0.02934889	-0.0274658	-0.02485086	-0.02904856	-0.02632225	-0.02565305
-0.02933261	-0.02745654	-0.02483961	-0.02902741	-0.02631088	-0.02563964
-0.02932171	-0.02748463	-0.02482653	-0.02900619	-0.02629948	-0.02562621
-0.02930798	-0.02749757	-0.02481349	-0.02897201	-0.02628808	-0.02561285
-0.02929335	-0.02749841	-0.02480056	-0.02895018	-0.02627675	-0.02559962
-0.02927794	-0.02748809	-0.0247878	-0.02890279	-0.02626554	-0.0255866
-0.02926184	-0.02747329	-0.02477527	-0.0288918	-0.02625632	-0.02557178
-0.02924517	-0.02745439	-0.0247612	-0.02884867	-0.02624708	-0.02555706
-0.02922802	-0.02743181	-0.02475137	-0.02884889	-0.0262358	-0.02554249
-0.02920842	-0.02740778	-0.02473961	-0.02883781	-0.02622436	-0.02552997
-0.0291883	-0.02737852	-0.02472781	-0.02881814	-0.0262128	-0.02551749
-0.02916776	-0.02734808	-0.02471603	-0.02880195	-0.02620118	-0.02550513
-0.02914689	-0.02731477	-0.02470432	-0.02878522	-0.02618956	-0.02549088
-0.0291258	-0.02728078	-0.02469274	-0.02876599	-0.02617798	-0.02547662
-0.02910457	-0.02724624	-0.02468137	-0.02874828	-0.02616651	-0.02546244
-0.02908332	-0.02720945	-0.02467024	-0.02873014	-0.02615701	-0.02544838
-0.02906006	-0.02717053	-0.02465943	-0.02870962	-0.02614746	-0.02543452
-0.02903671	-0.02713142	-0.0246469	-0.02868866	-0.02613793	-0.02542093
-0.02901335	-0.02709222	-0.02463456	-0.02866737	-0.0261264	-0.02540949
-0.02899192	-0.02705124	-0.02462426	-0.02864588	-0.02611475	-0.02539611
-0.02897042	-0.02701063	-0.02461398	-0.02862613	-0.02610302	-0.0253827
-0.02894895	-0.02697052	-0.0246038	-0.02860409	-0.02609127	-0.02536932
-0.02892555	-0.02693101	-0.02459194	-0.0285744	-0.02607956	-0.02535603
-0.02890211	-0.02689013	-0.02458236	-0.02855824	-0.02606975	-0.02534289
-0.02887875	-0.0268498	-0.02457096	-0.02853548	-0.02605984	-0.02532998
-0.02885554	-0.02681011	-0.02455962	-0.02851428	-0.02604988	-0.02531736
-0.02883623	-0.02678394	-0.0245484	-0.02847836	-0.02603992	-0.02530484
-0.02881312	-0.02673864	-0.02453733	-0.02845693	-0.02603004	-0.02529223
-0.02878838	-0.026693	-0.02452648	-0.02843531	-0.02601821	-0.02527961
-0.02876574	-0.0266489	-0.02451591	-0.02841544	-0.0260063	-0.02526703
-0.02874322	-0.02660825	-0.02450748	-0.0283933	-0.02599438	-0.02525456
-0.02872091	-0.02656904	-0.0244971	-0.02836899	-0.02598249	-0.02524227
-0.02869891	-0.02653137	-0.02448664	-0.02835019	-0.0259725	-0.02523022
-0.0286773	-0.02649712	-0.02447825	-0.02833727	-0.02596241	-0.02521641
-0.02865592	-0.0264643	-0.02446807	-0.02831479	-0.02595227	-0.02520271
-0.02863462	-0.02643094	-0.02445798	-0.02829015	-0.02594214	-0.02518918
-0.02861347	-0.02639892	-0.02444804	-0.02826919	-0.02593208	-0.02517771
-0.02859259	-0.02636832	-0.0244383	-0.02824166	-0.02592007	-0.02516629
-0.02857205	-0.02634106	-0.0244288	-0.02821936	-0.02590799	-0.02515498
-0.02855171	-0.02631513	-0.02441961	-0.02819695	-0.02589589	-0.02514385
-0.02853138	-0.02628855	-0.02440869	-0.02816025	-0.02588382	-0.02513088
-0.02851118	-0.02626323	-0.02439975	-0.02814347	-0.02587366	-0.02511796
-0.02849119	-0.02623922	-0.02439076	-0.02811759	-0.02586339	-0.02510515
-0.02847149	-0.02621663	-0.02438176	-0.02808925	-0.02585307	-0.02509251
-0.0284522	-0.02619735	-0.02437282	-0.02806271	-0.02584277	-0.0250801
-0.02843314	-0.02617938	-0.02436398	-0.02803601	-0.02583253	-0.02506979
-0.02841415	-0.02616282	-0.0243553	-0.02800904	-0.02582034	-0.02505959
-0.02839532	-0.02614567	-0.02434683	-0.02797983	-0.02580808	-0.02504747
-0.02837675	-0.02612984	-0.02433655	-0.02795034	-0.0257958	-0.02503532
-0.02835853	-0.0261154	-0.02432632	-0.02792067	-0.02578355	-0.0250232
-0.02834257	-0.02610426	-0.02431619	-0.02789486	-0.02577321	-0.02501117
-0.02832482	-0.02609442	-0.02430621	-0.02786496	-0.02576277	-0.02499929
-0.0283072	-0.02608389	-0.02429825	-0.02782853	-0.02575227	-0.02498761
-0.0282898	-0.02607459	-0.02429028	-0.02779528	-0.02574179	-0.0249762
-0.0282727	-0.02606657	-0.02428236	-0.02780115	-0.02573137	-0.02496304
-0.028256	-0.02605994	-0.02427246	-0.02777407	-0.02571901	-0.02495183
-0.02823955	-0.02605475	-0.02426246	-0.02774674	-0.02570657	-0.02494055
-0.02822317	-0.02605292	-0.02425239	-0.02771928	-0.02569411	-0.02492926
-0.02820696	-0.02605038	-0.0242423	-0.02769363	-0.02568169	-0.02491802
-0.02819102	-0.02604903	-0.02423224	-0.02766601	-0.02567117	-0.02490689
-0.02817543	-0.02604895	-0.02422226	-0.02764044	-0.02566055	-0.02489592
-0.02816212	-0.02605021	-0.0242124	-0.0276129	-0.02564988	-0.02488518
-0.02814702	-0.02605291	-0.02420271	-0.02758716	-0.02563921	-0.02487265
-0.02813205	-0.02605893	-0.02419323	-0.02755917	-0.02562862	-0.02486021
-0.0281173	-0.02606421	-0.02418401	-0.02753297	-0.02561608	-0.0248479
-0.02810287	-0.02607066	-0.02417484	-0.02750477	-0.02560346	-0.02483761
-0.02809067	-0.02607835	-0.02416552	-0.02747652	-0.02559083	-0.02482732
-0.02807665	-0.02608736	-0.02415609	-0.02744833	-0.02557823	-0.02481708
-0.02806272	-0.02609778	-0.0241466	-0.02742215	-0.02556753	-0.02480695
-0.02804897	-0.02611149	-0.02413709	-0.02739395	-0.02555673	-0.02479701
-0.0280355	-0.02612444	-0.02412761	-0.02736567	-0.02554588	-0.02478521
-0.0280224	-0.02613853	-0.02411821	-0.02733743	-0.02553504	-0.02477345
-0.02800951	-0.02615384	-0.02410893	-0.02730727	-0.02552427	-0.02476178
-0.02799666	-0.02617044	-0.02409981	-0.02727895	-0.02551363	-0.02475024
-0.02798395	-0.02619023	-0.02409091	-0.02725052	-0.0255011	-0.02473889
-0.02797147	-0.02621124	-0.02408227	-0.02722208	-0.02548855	-0.02472961
-0.02795931	-0.02623146	-0.02407186	-0.02719376	-0.02547604	-0.02472038
-0.02794939	-0.02625462	-0.02406154	-0.02716543	-0.02546545	-0.02471126
-0.02793583	-0.02625765	-0.02405318	-0.02713694	-0.02545476	-0.02470023
-0.02791637	-0.02621877	-0.02404474	-0.02710842	-0.02544403	-0.02468917
-0.02789657	-0.0261902	-0.02403627	-0.02709246	-0.02543331	-0.02467813
-0.02787832	-0.02616666	-0.02402781	-0.02706761	-0.02542266	-0.02466716
-0.0278596	-0.02615067	-0.02401942	-0.02707015	-0.02541216	-0.02465631
-0.02784048	-0.02613491	-0.02401114	-0.02704123	-0.02539976	-0.02464564
-0.02782288	-0.0261324	-0.02400509	-0.02704497	-0.02538737	-0.0246352
-0.02780295	-0.02610516	-0.02399534	-0.02700873	-0.02537501	-0.02462687
-0.02778469	-0.02609293	-0.02398559	-0.02698105	-0.02536458	-0.02461655
-0.02776425	-0.0260739	-0.02397587	-0.02695888	-0.02535406	-0.02460612
-0.02774563	-0.02606001	-0.02396623	-0.02693478	-0.0253435	-0.02459562
-0.02772681	-0.02604712	-0.02395669	-0.02690861	-0.02533296	-0.02458513
-0.02770971	-0.02604072	-0.02394731	-0.02688438	-0.02532251	-0.02457467
-0.02769232	-0.02604167	-0.02393994	-0.02686013	-0.02531219	-0.02456432
-0.02767475	-0.02603627	-0.02393256	-0.02683571	-0.025300	-0.02455412
-0.02765706	-0.02602716	-0.0239252	-0.02681123	-0.02528781	-0.02454412
-0.02764118	-0.02601831	-0.02391792	-0.02678681	-0.02527567	-0.02453438
-0.02762693	-0.02601866	-0.02391077	-0.02676438	-0.02526364	-0.02452469
-0.02760663	-0.02600148	-0.0239017	-0.02674198	-0.02525359	-0.02451486
-0.02757901	-0.02592716	-0.02389258	-0.02671766	-0.0252435	-0.02450494
-0.02755611	-0.02587819	-0.02388346	-0.02669334	-0.02523344	-0.02449498
-0.02753382	-0.0258392	-0.02387645	-0.02667746	-0.02522345	-0.02448503
-0.02751221	-0.02580204	-0.0238677	-0.02664831	-0.02521153	-0.02447514
-0.02749318	-0.02577786	-0.02385906	-0.02662473	-0.02519956	-0.02446538
-0.0274729	-0.02574528	-0.02385058	-0.0266011	-0.02518757	-0.02445579
-0.02745117	-0.02571309	-0.0238423	-0.02659417	-0.02517563	-0.02444434
-0.02743195	-0.02569133	-0.02383425	-0.0265747	-0.02516379	-0.02443291
-0.02741741	-0.02568877	-0.02382831	-0.02655533	-0.02515393	-0.02442154
-0.02740137	-0.02568513	-0.02382243	-0.0265341	-0.02514402	-0.0244121
-0.0273839	-0.02567882	-0.02381459	-0.02651294	-0.02513414	-0.02440257
-0.02736899	-0.02568125	-0.02380666	-0.02649405	-0.02512432	-0.024393
-0.02735462	-0.02568982	-0.02379866	-0.02646948	-0.02511256	-0.02438345
-0.02734269	-0.02570011	-0.02379065	-0.02644689	-0.02510074	-0.02437396
-0.02732912	-0.02571004	-0.02378265	-0.02642456	-0.0250889	-0.02436459
-0.02731763	-0.02574174	-0.02377471	-0.02640649	-0.02507711	-0.02435539
-0.02730623	-0.0257633	-0.02376688	-0.02638474	-0.0250654	-0.02434434
-0.027295	-0.02578513	-0.02375918	-0.02636308	-0.02505567	-0.0243333
-0.02728401	-0.02580882	-0.02375165	-0.02634342	-0.02504588	-0.02432233
-0.02727309	-0.02583209	-0.02374435	-0.0263238	-0.02503611	-0.02431146
-0.02726023	-0.02584583	-0.0237373	-0.02630642	-0.0250264	-0.02430257
-0.02724943	-0.02587139	-0.02372847	-0.02627502	-0.02501475	-0.02429364
-0.02723867	-0.02589634	-0.02372154	-0.02625258	-0.02500302	-0.02428471
-0.02722803	-0.02591524	-0.02371447	-0.02623191	-0.02499127	-0.02427585
-0.02721942	-0.0259414	-0.0237073	-0.02621129	-0.02497956	-0.02426709
-0.02720877	-0.02596629	-0.02370007	-0.02618877	-0.02496793	-0.02425642
-0.02719799	-0.02599178	-0.02369283	-0.02616626	-0.02495826	-0.02424571
-0.02718714	-0.02601403	-0.0236856	-0.0261457	-0.02494854	-0.024235
-0.02717631	-0.02603333	-0.02367843	-0.02612513	-0.02493882	-0.02422434
-0.02717653	-0.02612115	-0.02367136	-0.02610466	-0.02492916	-0.02421378
-0.02717155	-0.02617848	-0.02366443	-0.02608231	-0.02491755	-0.02420335
-0.02716354	-0.02621537	-0.02365768	-0.02606002	-0.02490586	-0.02419494
-0.02715652	-0.02625384	-0.02364907	-0.02602512	-0.02489414	-0.02418652
-0.0271485	-0.0262803	-0.02364045	-0.02600499	-0.02488245	-0.02417814
-0.02713959	-0.02629752	-0.02363186	-0.02598702	-0.02487084	-0.02416984
-0.0271299	-0.02630797	-0.02362333	-0.02596716	-0.02485936	-0.02415962
-0.02711746	-0.02631391	-0.02361673	-0.02594733	-0.02484988	-0.02414933
-0.02710418	-0.02631159	-0.02361001	-0.02592947	-0.0248404	-0.02413903
-0.02709017	-0.02630323	-0.0236032	-0.02590772	-0.02483097	-0.02412875
-0.02707553	-0.02629105	-0.02359636	-0.02588997	-0.02481957	-0.02411855
-0.02706035	-0.02627335	-0.02358952	-0.02587035	-0.02480807	-0.02410848
-0.02704892	-0.0262821	-0.02358257	-0.02584965	-0.02479731	-0.02409907
-0.02703694	-0.02628771	-0.02357564	-0.02582903	-0.02478654	-0.02408969
-0.02702437	-0.02628993	-0.02356871	-0.02580848	-0.02477577	-0.02408035
-0.02701116	-0.02628856	-0.02356178	-0.025788	-0.02476499	-0.02407105
-0.02699727	-0.02628336	-0.02355485	-0.0257676	-0.02475422	-0.02406177
-0.02698266	-0.02627411	-0.02354791	-0.02574729	-0.02474344	-0.02405253
-0.02696727	-0.02626058	-0.02354097	-0.02572705	-0.02473265	-0.02404332
-0.02695106	-0.02624253	-0.02353401	-0.02570691	-0.02472186	-0.02403414
-0.02693399	-0.02621976	-0.02352704	-0.02568685	-0.02471107	-0.024025
-0.02691601	-0.02619202	-0.02352006	-0.02566689	-0.02470027	-0.02401589
-0.02689708	-0.0261591	-0.02351305	-0.02564703	-0.02468946	-0.02400681
-0.02687715	-0.02612076	-0.02350602	-0.02562726	-0.02467864	-0.02399776
-0.02685617	-0.02607678	-0.02349897	-0.02560759	-0.02466782	-0.02398875
-0.02683411	-0.02602694	-0.02349188	-0.02558803	-0.02465699	-0.02397976
-0.02681091	-0.025971	-0.02348477	-0.02556858	-0.02464616	-0.02397081
-0.02678654	-0.02590874	-0.02347761	-0.02554923	-0.02463531	-0.02396189
-0.02676094	-0.02583993	-0.02347042	-0.025530	-0.02462445	-0.02395299
-0.02673407	-0.02576435	-0.02346319	-0.02551089	-0.02461358	-0.02394413
-0.02670589	-0.02568176	-0.02345591	-0.02549189	-0.02460271	-0.0239353
-0.02667635	-0.02559195	-0.02344858	-0.02547301	-0.02459182	-0.0239265
-0.0266454	-0.02549469	-0.02344121	-0.02545426	-0.02458092	-0.02391773
-0.02661301	-0.02538974	-0.02343378	-0.02543563	-0.02457001	-0.02390899
-0.02657911	-0.02527689	-0.02342629	-0.02541713	-0.02455908	-0.02390027
-0.02654368	-0.0251559	-0.02341874	-0.02539877	-0.02454814	-0.02389159
-0.02650667	-0.02502656	-0.02341112	-0.02538054	-0.02453719	-0.02388294
-0.02646802	-0.02488862	-0.02340344	-0.02536245	-0.02452622	-0.02387431
-0.0264277	-0.02474187	-0.02339569	-0.0253445	-0.02451524	-0.02386571
-0.02638566	-0.02458608	-0.02338787	-0.02532669	-0.02450424	-0.02385715
-0.02634185	-0.02442102	-0.02337997	-0.02530904	-0.02449323	-0.0238486
-0.02629623	-0.02424647	-0.023372	-0.02529153	-0.0244822	-0.02384009
-0.02624876	-0.0240622	-0.02336394	-0.02527417	-0.02447115	-0.02383161
-0.02619938	-0.02386798	-0.02335579	-0.02525697	-0.02446009	-0.02382315
-0.02614806	-0.02366358	-0.02334756	-0.02523992	-0.02444901	-0.02381472
-0.02609475	-0.02344879	-0.02333923	-0.02522304	-0.02443791	-0.02380632
-0.0260394	-0.02322336	-0.02333082	-0.02520632	-0.02442679	-0.02379794
-0.02598197	-0.02298709	-0.0233223	-0.02518976	-0.02441565	-0.02378959
-0.02592241	-0.02273973	-0.02331368	-0.02517338	-0.02440449	-0.02378127