-0.00952667	-0.006434054	-0.007511988
-0.01027405	-0.00691722	-0.007798591
-0.01098719	-0.007379867	-0.008071784
-0.01166687	-0.007822497	-0.008331937
-0.0123139	-0.008245607	-0.008579422
-0.01292905	-0.008649697	-0.008814608
-0.01351312	-0.009035265	-0.009037867
-0.01406689	-0.009402813	-0.009249571
-0.01459117	-0.009752837	-0.009450088
-0.01508672	-0.01008584	-0.009639792
-0.01555436	-0.01040231	-0.009819051
-0.01599486	-0.01070277	-0.009988238
-0.01640902	-0.01098769	-0.01014772
-0.01679763	-0.01125759	-0.01029788
-0.01716147	-0.01151296	-0.01043907
-0.01750133	-0.0117543	-0.01057167
-0.01781801	-0.01198211	-0.01069606
-0.0181123	-0.0121969	-0.0108126
-0.01838498	-0.01239915	-0.01092166
-0.01863685	-0.01258937	-0.01102361
-0.01886869	-0.01276805	-0.01111883
-0.01908129	-0.01293571	-0.01120768
-0.01927545	-0.01309283	-0.01129055
-0.01945195	-0.01323991	-0.01136778
-0.01961159	-0.01337746	-0.01143977
-0.01975515	-0.01350597	-0.01150687
-0.01988342	-0.01362594	-0.01156947
-0.01999719	-0.01373787	-0.01162793
-0.02009726	-0.01384227	-0.01168261
-0.02018441	-0.01393962	-0.0117339
-0.02025943	-0.01403043	-0.01178216
-0.02032311	-0.0141152	-0.01182777
-0.02037625	-0.01419443	-0.01187109
-0.02041963	-0.01426862	-0.0119125
-0.02045404	-0.01433826	-0.01195236
-0.02048027	-0.01440385	-0.01199105
-0.02049911	-0.0144659	-0.01202894
-0.02051135	-0.0145249	-0.01206639
-0.02051778	-0.01458135	-0.01210379
-0.02035146	-0.01452244	-0.01200673
-0.02028788	-0.01453911	-0.01196532
-0.02026083	-0.01457451	-0.0119803
-0.02027314	-0.01463236	-0.01205394
-0.02030004	-0.0147144	-0.0121173
-0.02034005	-0.01480768	-0.01220605
-0.02039151	-0.01491178	-0.01230855
-0.0204523	-0.01502168	-0.0124218
-0.02051983	-0.01513574	-0.01253633
-0.02059105	-0.01525236	-0.01265592
-0.02066655	-0.01537173	-0.01277839
-0.02074669	-0.01549382	-0.01290333
-0.02082768	-0.01561467	-0.01303035
-0.02090965	-0.01573606	-0.01315695
-0.02099063	-0.01585972	-0.01328271
-0.02107256	-0.01598354	-0.01340924
-0.02115555	-0.01610535	-0.01353608
-0.02123946	-0.01622897	-0.01366276
-0.02132208	-0.01635223	-0.01379084
-0.02140532	-0.01647688	-0.01391801
-0.02148722	-0.01659892	-0.01404402
-0.02157179	-0.01672214	-0.01417066
-0.02165313	-0.01684436	-0.01429557
-0.02173501	-0.01696729	-0.01442237
-0.02181933	-0.017089	-0.01454895
-0.02190203	-0.01721145	-0.01467499
-0.02198503	-0.01733451	-0.0148002
-0.02206843	-0.01745807	-0.01492634
-0.02215024	-0.01760072	-0.01505127
-0.02223237	-0.01772934	-0.01517675
-0.0223149	-0.01787323	-0.01530065
-0.02239975	-0.0180094	-0.0154247
-0.02248284	-0.01812611	-0.01554702
-0.0225661	-0.01826221	-0.0156696
-0.02264961	-0.01838689	-0.01579236
-0.02273344	-0.01851928	-0.01591523
-0.02281562	-0.01864805	-0.01603813
-0.02289804	-0.01878738	-0.01616097
-0.02298078	-0.01892806	-0.01628186
-0.02306393	-0.01907622	-0.01640279
-0.02314755	-0.01920969	-0.01652366
-0.02322991	-0.01935333	-0.01664622
-0.0233129	-0.01949378	-0.0167665
-0.02339816	-0.0196325	-0.01688647
-0.0234837	-0.01976731	-0.01700606
-0.02356959	-0.01990197	-0.01712518
-0.02365592	-0.02003271	-0.01724374
-0.02372062	-0.0201594	-0.01736166
-0.02380112	-0.02029101	-0.01748094
-0.0238866	-0.02042325	-0.01759966
-0.02397478	-0.02055235	-0.01771775
-0.02406546	-0.02068025	-0.01783513
-0.02415639	-0.0208089	-0.01795172
-0.02424739	-0.02093635	-0.01806562
-0.02434036	-0.02106248	-0.01818089
-0.02443329	-0.02118923	-0.01829564
-0.02452445	-0.02131674	-0.01840979
-0.02461598	-0.02144309	-0.01852324
-0.02470769	-0.02156607	-0.01863802
-0.02480307	-0.02168947	-0.01875221
-0.02489621	-0.02181966	-0.01886575
-0.02498928	-0.0219368	-0.01897857
-0.02508234	-0.02205769	-0.01909058
-0.0251734	-0.02217857	-0.0192038
-0.02528955	-0.02229777	-0.01931634
-0.02536566	-0.02241546	-0.0194263
-0.02544629	-0.0225336	-0.01953569
-0.02553016	-0.02265235	-0.01964835
-0.0256199	-0.02276409	-0.0197603
-0.02570594	-0.02288041	-0.01986967
-0.02579199	-0.02299525	-0.01997847
-0.0258781	-0.0231106	-0.02008871
-0.02596432	-0.02323702	-0.0201985
-0.02605071	-0.02334898	-0.0203078
-0.02613731	-0.02346125	-0.02041652
-0.02622418	-0.02357399	-0.02052671
-0.02631137	-0.02368532	-0.02063648
-0.02639894	-0.02379724	-0.02074577
-0.02648694	-0.02390786	-0.02085453
-0.02657541	-0.02401893	-0.02096272
-0.02666625	-0.0241304	-0.02107235
-0.02675534	-0.0242404	-0.02118156
-0.02684457	-0.02435093	-0.0212903
-0.026934	-0.02446014	-0.02139852
-0.02702366	-0.02456799	-0.02150801
-0.02711545	-0.02467441	-0.02161872
-0.02720551	-0.02478145	-0.02172879
-0.02729781	-0.02488724	-0.0218382
-0.02738824	-0.02499357	-0.02194691
-0.02747869	-0.0251004	-0.02205488
-0.0275692	-0.02520588	-0.02216209
-0.02765983	-0.02530998	-0.02227057
-0.02775063	-0.02541269	-0.02237848
-0.02784165	-0.02551604	-0.0224858
-0.0279327	-0.02560361	-0.02259249
-0.02802357	-0.02569923	-0.02269853
-0.02811432	-0.02579821	-0.02280389
-0.02820499	-0.0258966	-0.02291063
-0.02829564	-0.02599645	-0.0230169
-0.02838633	-0.02609383	-0.02312267
-0.02847892	-0.02619443	-0.02322794
-0.02856933	-0.02630164	-0.02333268
-0.02865943	-0.0264074	-0.02343687
-0.02874928	-0.02651171	-0.02354049
-0.02883892	-0.02661458	-0.02364352
-0.02893023	-0.02672516	-0.02374594
-0.0290212	-0.02683854	-0.02384774
-0.0291137	-0.02694335	-0.02394888
-0.02920001	-0.02704976	-0.02404936
-0.02928797	-0.02714819	-0.02415306
-0.02937737	-0.02724308	-0.02425606
-0.02946621	-0.02734019	-0.02435836
-0.02955454	-0.02743175	-0.02445996
-0.02964424	-0.02752949	-0.02456084
-0.02973331	-0.02761811	-0.024661
-0.02982362	-0.02770412	-0.02476251
-0.02991319	-0.02780057	-0.02486355
-0.03000207	-0.02789506	-0.02496412
-0.03009243	-0.0279858	-0.02506213
-0.03018042	-0.02806582	-0.02516149
-0.03026589	-0.02815647	-0.02526219
-0.03035253	-0.02824742	-0.02536217
-0.03043835	-0.02832779	-0.02546143
-0.03052342	-0.02841762	-0.02555997
-0.03063249	-0.02850528	-0.02565781
-0.03072901	-0.02859215	-0.02575494
-0.03082172	-0.02867387	-0.02585139
-0.03091226	-0.02876219	-0.02594714
-0.03100231	-0.02885097	-0.02604222
-0.03108961	-0.02894184	-0.02613844
-0.03117607	-0.0290271	-0.02623583
-0.03126152	-0.02911645	-0.02633258
-0.03134577	-0.02920011	-0.02642871
-0.03143099	-0.02928232	-0.02652423
-0.03151727	-0.02936499	-0.02661918
-0.03160053	-0.02944613	-0.02671538
-0.03167854	-0.02952037	-0.0268108
-0.0317589	-0.02959765	-0.02690545
-0.03183783	-0.02967391	-0.02699937
-0.03190626	-0.02975629	-0.02709258
-0.0319856	-0.02983631	-0.0271851
-0.03206554	-0.02991436	-0.02727879
-0.03214253	-0.02999079	-0.02737368
-0.0322224	-0.0300639	-0.02746799
-0.03229562	-0.03013951	-0.02755967
-0.03237763	-0.03020862	-0.02765058
-0.03245633	-0.03027209	-0.02774467
-0.03253392	-0.03035397	-0.02783807
-0.03261233	-0.0304318	-0.02793082
-0.03268961	-0.03050598	-0.02802299
-0.03276586	-0.03057871	-0.02811642
-0.03284304	-0.03065012	-0.02820911
-0.03291919	-0.03072036	-0.0283011
-0.03299626	-0.03079136	-0.02839245
-0.03307231	-0.03085572	-0.0284832
-0.03314198	-0.03092345	-0.02857524
-0.03321711	-0.03099025	-0.02866655
-0.03329133	-0.03105967	-0.02875718
-0.03336453	-0.03112768	-0.0288472
-0.03343684	-0.03119444	-0.02893849
-0.0335102	-0.03126009	-0.02902903
-0.03358269	-0.0313266	-0.02911682
-0.03365418	-0.03139204	-0.02920374
-0.03372664	-0.03145656	-0.02929167
-0.03379632	-0.03152214	-0.0293786
-0.033867	-0.03158478	-0.0294646
-0.03393674	-0.03164828	-0.02955155
-0.03400752	-0.03171072	-0.02963746
-0.0340774	-0.03177226	-0.02972238
-0.03414655	-0.03183489	-0.02980641
-0.03421693	-0.03189668	-0.02989143
-0.03428455	-0.03197625	-0.02997544
-0.03435322	-0.03204884	-0.03005852
-0.03442099	-0.03211961	-0.03014258
-0.03448805	-0.03219241	-0.03022563
-0.03455636	-0.03226534	-0.03030774
-0.03462403	-0.03234044	-0.03038901
-0.03469094	-0.03241192	-0.03047134
-0.03475703	-0.03247922	-0.03055276
-0.03482427	-0.03254592	-0.03063334
-0.03489076	-0.03261401	-0.03071502
-0.03495668	-0.03267977	-0.0307958
-0.03502194	-0.03273872	-0.03087579
-0.03508645	-0.03279159	-0.03095691
-0.03515013	-0.03285021	-0.03103719
-0.03521707	-0.03290331	-0.03111673
-0.03528353	-0.03296275	-0.03119539
-0.03534738	-0.03302324	-0.03127302
-0.03535586	-0.033079	-0.03134972
-0.03544065	-0.03313982	-0.03142742
-0.03551364	-0.03319578	-0.03150415
-0.03558333	-0.03325876	-0.03158004
-0.0356499	-0.03332557	-0.03165701
-0.03571538	-0.03338191	-0.03173311
-0.03577995	-0.03343681	-0.03181028
-0.03584561	-0.03349256	-0.03188656
-0.03591048	-0.03355975	-0.03196208
-0.03597657	-0.03361493	-0.03203671
-0.03603993	-0.03367109	-0.03211033
-0.03610439	-0.03373672	-0.03218306
-0.03616808	-0.03379855	-0.03225685
-0.03622911	-0.03386409	-0.03232975
-0.03629132	-0.03392344	-0.03240371
-0.03635284	-0.03398645	-0.03247681
-0.03641568	-0.0340453	-0.03254917
-0.03647589	-0.03410151	-0.03262276
-0.03653732	-0.03415478	-0.03269357
-0.0365981	-0.03421289	-0.03276356
-0.03665818	-0.03426409	-0.0328347
-0.0367175	-0.03432003	-0.03290505
-0.0367781	-0.03437522	-0.03297658
-0.03683603	-0.03442962	-0.03304736
-0.03689514	-0.0344832	-0.03311546
-0.03695357	-0.03454426	-0.03318469
-0.03701127	-0.03460314	-0.03325312
-0.0370682	-0.03466167	-0.03332271
-0.03713679	-0.03471153	-0.03339155
-0.03719362	-0.03475998	-0.03346163
-0.03725166	-0.03481114	-0.03352895
-0.03731114	-0.03486134	-0.03359549
-0.03736812	-0.0349147	-0.03366324
-0.03743064	-0.03496342	-0.03373028
-0.03748487	-0.03502359	-0.03379861
-0.03754017	-0.03508818	-0.03386423
-0.03759674	-0.03513278	-0.03393097
-0.03765065	-0.03517978	-0.0339969
-0.03770578	-0.03522756	-0.03406221
-0.03776026	-0.03527638	-0.03412682
-0.03781406	-0.03532439	-0.03419064
-0.03786716	-0.03537366	-0.03425567
-0.03791953	-0.03542211	-0.03431999
-0.03797114	-0.03547598	-0.03438563
-0.03803026	-0.03552772	-0.03444861
-0.0380852	-0.03557709	-0.03451275
-0.0381375	-0.03562385	-0.03457616
-0.03819104	-0.03567163	-0.03464085
-0.03824398	-0.03571863	-0.03470285
-0.0382963	-0.03576691	-0.03476417
-0.038348	-0.03581259	-0.03482683
-0.03839904	-0.03585957	-0.03488893
-0.03844943	-0.03590786	-0.03495041
-0.03850121	-0.03595357	-0.03501121
-0.03855047	-0.03600063	-0.03507335
-0.03860111	-0.03604514	-0.03513287
-0.0386492	-0.03609101	-0.0351936
-0.03869864	-0.03613826	-0.03525366
-0.03874942	-0.03618302	-0.03531509
-0.03879762	-0.03622919	-0.03537392
-0.03884715	-0.03627291	-0.035434
-0.03889408	-0.03631808	-0.03549346
-0.03894233	-0.03636266	-0.03555225
-0.03899007	-0.03640667	-0.03561032
-0.03903727	-0.03645013	-0.0356697
-0.03908395	-0.03649489	-0.03572851
-0.0391301	-0.03653915	-0.03578673
-0.03917755	-0.03658294	-0.03584431
-0.03922421	-0.03662812	-0.03590327
-0.03927191	-0.03667083	-0.03595969
-0.03931703	-0.03671706	-0.03601741
-0.03936163	-0.03675906	-0.03607459
-0.03940572	-0.03680051	-0.03613119
-0.0394493	-0.03684327	-0.03618716
-0.03949056	-0.03688553	-0.03624455
-0.03952974	-0.03692735	-0.03629943
-0.03957255	-0.03697057	-0.03635567
-0.03967745	-0.03701342	-0.03641141
-0.039713	-0.03705595	-0.03646661
-0.03975681	-0.03709794	-0.03652126
-0.03980365	-0.03713942	-0.0365774
-0.0398517	-0.03718046	-0.0366311
-0.03989915	-0.03722083	-0.03668623
-0.03994808	-0.03726058	-0.03673888
-0.03999461	-0.03730183	-0.03679292
-0.04004264	-0.03734255	-0.03684831
-0.04009013	-0.03738279	-0.03690114
-0.04013707	-0.0374226	-0.0369553
-0.0401835	-0.03746203	-0.03700894
-0.04023125	-0.03750112	-0.03706204
-0.04027852	-0.03753968	-0.03711459
-0.04032533	-0.03757958	-0.03716657
-0.04037171	-0.03761905	-0.03721797
-0.04041768	-0.03765814	-0.03727084
-0.04046508	-0.03769874	-0.0373231
-0.04051005	-0.037737	-0.03737474
-0.04055651	-0.03777482	-0.03742782
-0.04060058	-0.03781405	-0.03747845
-0.0406462	-0.03785088	-0.03753051
-0.04069131	-0.03788925	-0.0375801
-0.04073594	-0.03792714	-0.03763111
-0.04078012	-0.03796464	-0.03768353
-0.04082571	-0.03800178	-0.03773347
-0.04086885	-0.03803839	-0.03778483
-0.04091346	-0.03807453	-0.03783371
-0.04096114	-0.03811026	-0.037884
-0.04100415	-0.03814746	-0.03793182
-0.04104668	-0.03818413	-0.03798105
-0.04108876	-0.03822033	-0.03803169
-0.04113043	-0.03825614	-0.03807987
-0.04117355	-0.03829346	-0.03812948
-0.04121426	-0.03832844	-0.03817663
-0.0412565	-0.03836298	-0.03822523
-0.04129823	-0.03839899	-0.03827321
-0.0413395	-0.03843264	-0.03832057
-0.04138035	-0.03846788	-0.03836941
-0.04142082	-0.03850273	-0.03841585
-0.04146096	-0.03853908	-0.03846378
-0.04150263	-0.03857311	-0.03851115
-0.04154197	-0.03860673	-0.03855798
-0.04158294	-0.03864183	-0.03860429
-0.04162351	-0.03867459	-0.03865009
-0.04166164	-0.03870899	-0.03869539
-0.04170128	-0.03874303	-0.03874204
-0.04174041	-0.03877655	-0.03878616
-0.04177907	-0.03880963	-0.03883167
-0.04181732	-0.03884234	-0.03887676
-0.04185702	-0.0388766	-0.03892146
-0.04189433	-0.03891042	-0.03896762
-0.0419332	-0.0389418	-0.03901136
-0.04197161	-0.03897473	-0.03905661
-0.04200962	-0.03900723	-0.03910133
-0.04204728	-0.03903938	-0.03914553
-0.04208647	-0.03907127	-0.03918925
-0.04212336	-0.03910273	-0.03923252
-0.04215981	-0.03913569	-0.03927537
-0.04219772	-0.03916632	-0.03931965
-0.04223324	-0.03919863	-0.03936151
-0.04227033	-0.03923063	-0.03940486
-0.04230698	-0.03926217	-0.03944767
-0.04234325	-0.03929333	-0.03948997
-0.0423792	-0.03932422	-0.0395318
-0.04241672	-0.03935467	-0.03957502
-0.04245197	-0.0393866	-0.03961577
-0.04248685	-0.03941623	-0.039658
-0.04252115	-0.03944546	-0.03969965
-0.04255287	-0.03947621	-0.03974079
-0.04258804	-0.03950652	-0.03978144
-0.04262284	-0.03953647	-0.03982166
-0.04265914	-0.03956618	-0.03986148
-0.04269313	-0.03959549	-0.03990278
-0.04273086	-0.03962451	-0.03994352
-0.04277057	-0.03965333	-0.03998375
-0.04280639	-0.0396818	-0.04002352
-0.04284411	-0.03971186	-0.04006289
-0.04288174	-0.03973971	-0.0401019
-0.04291729	-0.03976727	-0.04014243
-0.04295264	-0.03979646	-0.04018062
-0.04298763	-0.03982534	-0.04022044
-0.04302415	-0.03985373	-0.04025986
-0.04305839	-0.03988177	-0.04030075
-0.04309433	-0.03990954	-0.04033928
-0.04312995	-0.03993692	-0.04037734
-0.04316329	-0.03996582	-0.04041679
-0.0431983	-0.03999247	-0.04045381
-0.043233	-0.04002088	-0.04049234
-0.04326721	-0.04004908	-0.04053038
-0.04330101	-0.04007694	-0.04056798
-0.0433345	-0.04010431	-0.04060521
-0.04336957	-0.04013131	-0.04064396
-0.0434024	-0.04015806	-0.04068039
-0.04343492	-0.04018442	-0.04071639
-0.04346902	-0.04021233	-0.04075384
-0.04350272	-0.040238	-0.04078892
-0.0435361	-0.04026339	-0.04082559
-0.04356926	-0.04029041	-0.04086183
-0.04360202	-0.04031713	-0.04089772
-0.0436363	-0.04034341	-0.04093334
-0.0436683	-0.04036937	-0.04096848
-0.04369994	-0.04039514	-0.04100323
-0.04373311	-0.04042057	-0.04103764
-0.04376401	-0.04044763	-0.04107362
-0.04379041	-0.04047252	-0.04110917
-0.04382201	-0.04049721	-0.04114435
-0.04385317	-0.04052155	-0.04117925
-0.04388399	-0.0405475	-0.04121368
-0.04391457	-0.0405731	-0.04124773
-0.04394475	-0.04059641	-0.04128146
-0.04397462	-0.04062145	-0.04131679
-0.04400429	-0.04064626	-0.04134987
-0.04403358	-0.04067073	-0.04138263
-0.04406443	-0.04069681	-0.04141695
-0.04409303	-0.04072073	-0.04145085
-0.04412337	-0.04074444	-0.0414844
-0.04415349	-0.04076782	-0.04151769
-0.04418324	-0.04079282	-0.04155055
-0.0442127	-0.0408175	-0.04158488
-0.04424199	-0.04083991	-0.04161687
-0.04427096	-0.0408641	-0.0416505
-0.0442997	-0.04088809	-0.04168379
-0.04432832	-0.0409118	-0.04171656
-0.04435667	-0.04093509	-0.04174892
-0.04438667	-0.0409581	-0.04178094
-0.04441453	-0.04098097	-0.04181455
-0.04444218	-0.04100357	-0.04184593
-0.04447154	-0.0410258	-0.04187699
-0.04449699	-0.0410496	-0.04190966
-0.04452254	-0.04107304	-0.04194195
-0.04455192	-0.04109419	-0.04197187
-0.0445811	-0.04111708	-0.04200342
-0.04460992	-0.04113977	-0.04203462
-0.04463849	-0.04116216	-0.04206738
-0.04466692	-0.04118414	-0.0420979
-0.04469507	-0.04120583	-0.04212811
-0.04472487	-0.04122739	-0.04215992
-0.04475436	-0.04124871	-0.04219136
-0.04478157	-0.04126967	-0.04222046
-0.04481053	-0.04129223	-0.0422512
-0.04483925	-0.04131447	-0.04228162
-0.04486761	-0.04133446	-0.04231156
-0.04489571	-0.04135417	-0.04234113
-0.04492369	-0.04137555	-0.04237043
-0.04495139	-0.04139669	-0.0423993
-0.04498075	-0.04141747	-0.04242967
-0.04500983	-0.04143778	-0.04245775
-0.04503666	-0.04145779	-0.04248755
-0.04506319	-0.04147763	-0.04251709
-0.04509135	-0.0414972	-0.04254622
-0.04511919	-0.04151848	-0.04257299
-0.04514475	-0.04153954	-0.04260139
-0.04517205	-0.04156027	-0.04262945
-0.04519913	-0.04157877	-0.04265912
-0.04522586	-0.04159907	-0.04268659
-0.04525419	-0.04161926	-0.04271381
-0.04528035	-0.04163923	-0.0427427
-0.04530627	-0.04165889	-0.04277131
-0.04533184	-0.04167814	-0.04279767
-0.04535899	-0.04169714	-0.04282371
-0.04538577	-0.04171603	-0.04285137
-0.04541023	-0.04173472	-0.04287868
-0.04543641	-0.04175311	-0.04290369
-0.04546235	-0.04177319	-0.0429304
-0.04548793	-0.04179302	-0.04295686
-0.04551301	-0.04181253	-0.04298291
-0.04553773	-0.04182979	-0.0430105
-0.04556222	-0.04184678	-0.04303586
-0.04558634	-0.04186549	-0.04306091
-0.04561207	-0.04188399	-0.04308761
-0.04563744	-0.0419022	-0.04311399
-0.04566053	-0.0419182	-0.0431381
-0.04568328	-0.04193604	-0.04316396
-0.04570764	-0.04195381	-0.0431896
-0.04573166	-0.04197141	-0.04321491
-0.04575525	-0.04198876	-0.04323999
-0.04577827	-0.04200576	-0.04326497
-0.04580085	-0.04202439	-0.04328973
-0.04582315	-0.04204093	-0.0433162
-0.04584502	-0.04205735	-0.04334244
-0.04586845	-0.04207357	-0.04336649
-0.04589148	-0.04209158	-0.04339031
-0.04591218	-0.04210946	-0.04341583
-0.04593252	-0.04212712	-0.04344112
-0.04595444	-0.04214448	-0.04346422
-0.04597602	-0.04215964	-0.04348915
-0.04599715	-0.04217664	-0.04351397
-0.04601978	-0.0421936	-0.04353854
-0.04604017	-0.04221041	-0.04356483
-0.0460621	-0.04222699	-0.04358907
-0.04608158	-0.04224326	-0.0436132
-0.04610263	-0.04226121	-0.04363711
-0.04612333	-0.04227712	-0.04366274
-0.04614358	-0.04229296	-0.04368816
-0.04616145	-0.04230867	-0.04371141
-0.04618098	-0.04232415	-0.04373446
-0.04620023	-0.04234139	-0.04375925
-0.04621911	-0.0423585	-0.04378385
-0.04623959	-0.04237539	-0.04380813
-0.04625975	-0.04239199	-0.04383015
-0.04627765	-0.04240638	-0.04385394
-0.04629528	-0.04242265	-0.04387757
-0.04631461	-0.04243888	-0.0439009
-0.04633371	-0.042455	-0.0439259
-0.04635248	-0.04247093	-0.04394882
-0.04637499	-0.04248659	-0.0439716
-0.04639566	-0.0425019	-0.04399413
-0.04641442	-0.04251704	-0.04401837
-0.04643298	-0.04253217	-0.04404239
-0.04645126	-0.04254723	-0.04406424
-0.04647121	-0.04256213	-0.04408589
-0.04649094	-0.04257679	-0.04410929
-0.04650852	-0.04259322	-0.04413251
-0.04652593	-0.04260951	-0.04415544
-0.04654308	-0.0426256	-0.04417796
-0.04656194	-0.04263958	-0.04420023
-0.04658059	-0.04265345	-0.04422237
-0.04659895	-0.04266714	-0.04424427
-0.04661692	-0.04268265	-0.04426584
-0.04663467	-0.04269807	-0.04428902
-0.04665235	-0.04271334	-0.04431189
-0.04666987	-0.04272838	-0.04433253
-0.04668714	-0.0427413	-0.04435289
-0.04670407	-0.04275409	-0.04437494
-0.04672264	-0.04276876	-0.04439676
-0.04674095	-0.0427834	-0.04441824
-0.04675708	-0.04279795	-0.04443927
-0.04677302	-0.04281233	-0.044460
-0.04679075	-0.04282647	-0.04448058
-0.04680837	-0.0428403	-0.0445009
-0.04682579	-0.04285583	-0.04452086
-0.04684292	-0.04286933	-0.04454243
-0.04685786	-0.04288281	-0.04456369
-0.04687467	-0.0428962	-0.04458271
-0.04689143	-0.04290944	-0.04460147
-0.04690806	-0.04292244	-0.04462194
-0.04692448	-0.04293721	-0.0446422
-0.0469406	-0.04295186	-0.04466214
-0.04695841	-0.04296633	-0.04468168
-0.04697602	-0.04297873	-0.04470095
-0.04699151	-0.04299105	-0.04472013
-0.04700687	-0.04300324	-0.0447391
-0.04702203	-0.04301521	-0.04475778
-0.04703898	-0.04302897	-0.04477606
-0.0470558	-0.04304264	-0.04479591
-0.04707243	-0.04305614	-0.04481361
-0.04708879	-0.04306941	-0.04483113
-0.04710479	-0.04308238	-0.04484837
-0.04712061	-0.04309525	-0.04486731
-0.04713642	-0.04310819	-0.04488603
-0.04715214	-0.04312115	-0.04490444
-0.0471677	-0.04313405	-0.04492245
-0.04718302	-0.04314684	-0.04494022
-0.04719802	-0.04315944	-0.04495791
-0.04721469	-0.04317179	-0.04497543
-0.04723114	-0.04318591	-0.04499269
-0.0472473	-0.04319808	-0.04500959
-0.04726127	-0.04321031	-0.04502813
-0.04727505	-0.04322255	-0.04504456
-0.04729064	-0.04323471	-0.04506087
-0.04730614	-0.04324675	-0.04507697
-0.04732148	-0.04325859	-0.04509484
-0.04733658	-0.04327225	-0.04511259
-0.04735138	-0.04328583	-0.04513011
-0.0473658	-0.04329929	-0.04514732
-0.04738185	-0.04331256	-0.04516232
-0.04739555	-0.04332376	-0.04517917
-0.04741075	-0.04333489	-0.04519595
-0.04742372	-0.04334591	-0.04521259
-0.04743647	-0.04335881	-0.04522899
-0.04744893	-0.04337172	-0.04524508
-0.0474631	-0.04338456	-0.04526284
-0.04747892	-0.0433973	-0.04527854
-0.04748695	-0.04340986	-0.04529418
-0.04750089	-0.04342219	-0.04530967
-0.04751262	-0.04343422	-0.04532493
-0.04752414	-0.04344408	-0.04534195
-0.04753745	-0.04345584	-0.04535882
-0.04755251	-0.04346765	-0.04537547
-0.0475635	-0.04347942	-0.04538999
-0.04757636	-0.0434911	-0.04540438
-0.04758892	-0.04350263	-0.04542062
-0.04760295	-0.04351396	-0.04543683
-0.04761657	-0.04352502	-0.0454529
-0.04762997	-0.04353783	-0.04546877
-0.04764309	-0.04355052	-0.04548436
-0.04765587	-0.0435612	-0.04549984
-0.04766642	-0.0435719	-0.04551538
-0.04767677	-0.04358257	-0.04553091
-0.04768892	-0.04359312	-0.04554635
-0.04770099	-0.04360352	-0.04556162
-0.04771291	-0.0436137	-0.04557664
-0.04772646	-0.04362567	-0.04559341
-0.04773768	-0.04363756	-0.0456082
-0.04774858	-0.04364933	-0.04562302
-0.04775912	-0.04366091	-0.04563779
-0.0477713	-0.04367043	-0.04565243
-0.04778325	-0.0436799	-0.04566686
-0.04779309	-0.04368927	-0.04568308
-0.04780285	-0.04370057	-0.04569918
-0.04781246	-0.0437119	-0.04571511
-0.04782186	-0.04372321	-0.04572896
-0.04783099	-0.04373447	-0.04574272
-0.0478437	-0.0437456	-0.04575634
-0.04785422	-0.04375656	-0.04577179
-0.04785909	-0.0437673	-0.04578719
-0.04786265	-0.04377776	-0.04580246
-0.04787055	-0.04378789	-0.04581752
-0.04787857	-0.0437979	-0.04583232
-0.04788872	-0.0438098	-0.04584495
-0.04789911	-0.04381965	-0.04585948
-0.0479097	-0.04382947	-0.04587402
-0.04792041	-0.04383922	-0.0458885
-0.04793666	-0.04384883	-0.04590285
-0.04795766	-0.04385826	-0.04591698
-0.04796986	-0.04386745	-0.04593084
-0.0479815	-0.04387844	-0.04594642
-0.04799464	-0.04388933	-0.04596185
-0.04800558	-0.04390011	-0.04597521
-0.04801635	-0.0439107	-0.04598853
-0.04802691	-0.04391925	-0.04600172
-0.04803721	-0.04392779	-0.04601472
-0.0480472	-0.04393625	-0.04602953
-0.04805684	-0.04394458	-0.04604426
-0.04806608	-0.04395274	-0.04605885
-0.04807513	-0.04396274	-0.04607323
-0.04808603	-0.04397272	-0.04608551
-0.04809482	-0.04398264	-0.04609769
-0.04810354	-0.04399243	-0.0461097
-0.04811215	-0.04400207	-0.04612355
-0.04812059	-0.0440115	-0.04613735
-0.04812883	-0.04401885	-0.04615104
-0.04813499	-0.04402798	-0.04616453
-0.04814293	-0.044037	-0.04617778
-0.04815259	-0.04404613	-0.04619071
-0.04816211	-0.04405533	-0.04620533
-0.04817145	-0.04406454	-0.04621795
-0.04817876	-0.04407373	-0.04623057
-0.04818787	-0.04408284	-0.04624312
-0.04819669	-0.04409182	-0.04625554
-0.04820333	-0.04410064	-0.04626776
-0.04820985	-0.04410924	-0.04627971
-0.04821618	-0.04411759	-0.04629342
-0.04822229	-0.0441277	-0.04630699
-0.04822812	-0.0441359	-0.04632037
-0.04823571	-0.04414422	-0.04633167
-0.0482432	-0.0441526	-0.04634291
-0.04825054	-0.04416101	-0.04635401
-0.04825769	-0.04416939	-0.04636492
-0.04826255	-0.04417771	-0.04637764
-0.0482752	-0.04418591	-0.04639029
-0.04828025	-0.04419395	-0.04640281
-0.04828731	-0.04420178	-0.04641515
-0.04829449	-0.04421144	-0.04642724
-0.04830176	-0.04422105	-0.04643902
-0.04830702	-0.04423059	-0.04644861
-0.04831618	-0.04424001	-0.04646011
-0.04832349	-0.04424927	-0.04647162
-0.04833073	-0.04425834	-0.04648309
-0.04833579	-0.04426716	-0.04649445
-0.04834252	-0.04427572	-0.04650566
-0.04834906	-0.04428395	-0.04651664
-0.04835538	-0.04429183	-0.04652735
-0.04836142	-0.04429957	-0.0465398
-0.04836923	-0.04430739	-0.0465521
-0.04837696	-0.04431523	-0.04656421
-0.04838456	-0.04432307	-0.04657609
-0.04839201	-0.04433086	-0.04658584
-0.04839744	-0.04433857	-0.04659549
-0.04840082	-0.04434615	-0.04660498
-0.04840601	-0.04435357	-0.04661632
-0.04841114	-0.04436078	-0.04662765
-0.04841617	-0.04436775	-0.04663891
-0.04842106	-0.04437652	-0.04665003
-0.04842578	-0.04438522	-0.04666099
-0.04843235	-0.04439383	-0.04667171
-0.04843893	-0.04440231	-0.04668215
-0.04844548	-0.04441062	-0.04669225
-0.04845197	-0.04441875	-0.04670404
-0.04845836	-0.04442665	-0.04671566
-0.04846254	-0.04443428	-0.04672522
-0.04846839	-0.04444163	-0.04673475
-0.04848027	-0.04444682	-0.04674421
-0.04849476	-0.0444519	-0.04675353
-0.0485059	-0.04445684	-0.04676267
-0.0485173	-0.04446366	-0.04677158
-0.04852895	-0.04446843	-0.04678227
-0.04854083	-0.04447501	-0.04679288
-0.04855291	-0.04448156	-0.04680336
-0.04856518	-0.04448802	-0.04681367
-0.04856774	-0.04449438	-0.04682376
-0.04856757	-0.0445006	-0.04683358
-0.04857242	-0.04450664	-0.04684309
-0.04857704	-0.04451248	-0.04685224
-0.04858138	-0.04451807	-0.04685916
-0.04858749	-0.0445234	-0.04686795
-0.0485935	-0.04452841	-0.04687675
-0.04859938	-0.04453517	-0.04688551
-0.0486051	-0.04454181	-0.04689417
-0.04861063	-0.04454832	-0.0469027
-0.04861593	-0.04455466	-0.04691105
-0.04862279	-0.04456082	-0.04691918
-0.0486312	-0.04456675	-0.04692703
-0.0486062	-0.04457244	-0.04693664
-0.0486325	-0.04457786	-0.04694615
-0.04864359	-0.04458299	-0.04695551
-0.04865036	-0.04458779	-0.04696468
-0.04865693	-0.04459225	-0.04697364
-0.04866327	-0.0445984	-0.04698233
-0.04867145	-0.04460235	-0.04699071
-0.04867753	-0.04460794	-0.04699693
-0.04868331	-0.04461335	-0.04700302
-0.04868877	-0.04461855	-0.04700892
-0.04869388	-0.0446217	-0.04701668
-0.0487007	-0.04462485	-0.04702442
-0.0487053	-0.0446298	-0.04703211
-0.04870947	-0.04463262	-0.04703971
-0.04871528	-0.04463537	-0.04704718
-0.04871905	-0.04463803	-0.04705447
-0.04872465	-0.04464056	-0.04706156
-0.04873182	-0.04464293	-0.0470684
-0.04873664	-0.04464721	-0.04707494
-0.04874117	-0.04465154	-0.04708324
-0.04874539	-0.04465591	-0.04709142
-0.04874927	-0.0446603	-0.04709947
-0.0487528	-0.04466468	-0.04710734
-0.04875596	-0.04466904	-0.047115
-0.04875508	-0.04467336	-0.04712243
-0.04876001	-0.04467761	-0.04712958
-0.04876475	-0.04468178	-0.04713642
-0.0487693	-0.04468586	-0.04714293
-0.04877364	-0.0446898	-0.04714907
-0.04877775	-0.04469361	-0.04715505
-0.04878163	-0.04469726	-0.0471611
-0.04878525	-0.04470072	-0.04716719
-0.04878862	-0.04470399	-0.04717328
-0.0487917	-0.04470703	-0.04717935
-0.0487945	-0.04470984	-0.04718535
-0.048797	-0.04471238	-0.04719125
-0.04879918	-0.04471465	-0.04719703
-0.04880103	-0.04471869	-0.04720264
-0.04880254	-0.04472268	-0.04720806
-0.04880369	-0.04472659	-0.04721326
-0.04880447	-0.04472494	-0.0472182
-0.04880488	-0.04472576	-0.04722492
-0.04880697	-0.04472877	-0.04723157
-0.04880891	-0.04473186	-0.04723813
-0.04881069	-0.04473502	-0.04724458
-0.04881232	-0.04473823	-0.04725088
-0.04881377	-0.0447433	-0.04725701
-0.04881506	-0.04474813	-0.04726294
-0.04881616	-0.04475819	-0.04726864
-0.04881707	-0.04476724	-0.0472741
-0.04881779	-0.04477347	-0.04727928
-0.04881831	-0.04477895	-0.04728416
-0.04881862	-0.0447837	-0.04728871
-0.04881872	-0.0447877	-0.04729291
-0.0488186	-0.04479096	-0.0472988
-0.04881825	-0.04479348	-0.04730455
-0.04881767	-0.04479732	-0.04731012
-0.04881685	-0.04479887	-0.04731551
-0.04881578	-0.04480018	-0.04732069
-0.04881446	-0.04480126	-0.04732565
-0.04881287	-0.04480211	-0.04733035
-0.04881103	-0.04480273	-0.04733297
-0.04880891	-0.04480312	-0.04733555
-0.04880651	-0.04480328	-0.04733806
-0.04880798	-0.04480322	-0.04734048
-0.04880552	-0.04480292	-0.04734278
-0.04880485	-0.04480239	-0.04734494
-0.04880415	-0.04480163	-0.04734692
-0.04880342	-0.04480064	-0.04735079
-0.04880265	-0.04479942	-0.04735469
-0.04880185	-0.04479797	-0.04735861
-0.04880102	-0.04479629	-0.04736253
-0.04880198	-0.04479438	-0.04736642
-0.04880266	-0.04479224	-0.04737027
-0.04880307	-0.04478987	-0.04737406
-0.04880113	-0.04478727	-0.04737777
-0.04879868	-0.04478261	-0.04738137
-0.04883102	-0.04477797	-0.04738485
-0.04881532	-0.04477334	-0.04738819
-0.04881168	-0.04476872	-0.04739137
-0.04881147	-0.04476409	-0.04739437
-0.04881106	-0.04475945	-0.04739717
-0.04881044	-0.04475479	-0.04739974
-0.04880963	-0.04475011	-0.04740208
-0.04880864	-0.0447454	-0.04740624
-0.04880746	-0.04474066	-0.04741037
-0.04880611	-0.0447304	-0.04741448
-0.04880459	-0.04472473	-0.04741854
-0.04880291	-0.04472339	-0.04742253
-0.04880108	-0.04471832	-0.04742646
-0.04879909	-0.04471548	-0.0474303
-0.04879697	-0.04471305	-0.04743404
-0.04879679	-0.04471283	-0.04743767
-0.04879466	-0.04470182	-0.04744117
-0.04879034	-0.04470155	-0.04744454
-0.04878773	-0.04470164	-0.04744776
-0.04878501	-0.04470207	-0.04745081
-0.04878219	-0.04470284	-0.04745368
-0.04877927	-0.04470394	-0.04745637
-0.04877627	-0.04470537	-0.04745884
-0.04877318	-0.04470712	-0.0474611
-0.04877418	-0.04470917	-0.04746314
-0.04877146	-0.04471336	-0.04746493
-0.0487687	-0.0447176	-0.04746646
-0.04876589	-0.0447219	-0.04746772
-0.04876306	-0.04472625	-0.0474687
-0.04876201	-0.04473064	-0.04747146
-0.04876069	-0.04473509	-0.04747418
-0.04875912	-0.0447396	-0.04747683
-0.04875731	-0.04474416	-0.04747943
-0.04875526	-0.04474876	-0.04748195
-0.048753	-0.04475343	-0.0474844
-0.04875054	-0.04475814	-0.04748677
-0.04874788	-0.04476291	-0.04748904
-0.04874504	-0.04476773	-0.04749123
-0.04874205	-0.0447726	-0.04749331
-0.0487389	-0.04477753	-0.04749528
-0.04873561	-0.04479056	-0.04749714
-0.0487322	-0.04480211	-0.04749887
-0.04872867	-0.04481193	-0.04750048
-0.04872505	-0.04482186	-0.04750378
-0.04872134	-0.04483191	-0.04750669
-0.04871756	-0.0448421	-0.04750921
-0.04871372	-0.04485037	-0.04751135
-0.04870983	-0.04485854	-0.04751309
-0.04870591	-0.04486039	-0.04751445
-0.04870197	-0.04486137	-0.04751542
-0.04869803	-0.04486356	-0.047516
-0.04869591	-0.04486512	-0.0475162
-0.04869357	-0.04486605	-0.047516
-0.04869102	-0.04486634	-0.04751542
-0.04868829	-0.04486597	-0.04751445
-0.04868539	-0.04486496	-0.04751309
-0.04868234	-0.04486328	-0.04751135
-0.04867915	-0.04486302	-0.04750921
-0.04867587	-0.04486416	-0.04750669
-0.04867249	-0.04486464	-0.04750378
-0.04866904	-0.04486447	-0.04750048
-0.04866555	-0.04486365	-0.04749887
-0.04866203	-0.04486219	-0.04749714
-0.04865849	-0.0448601	-0.04749528
-0.04865497	-0.04485738	-0.04749331
-0.04865147	-0.04485403	-0.04749123
-0.04864803	-0.04485007	-0.04748904
-0.04864465	-0.04484551	-0.04748677
-0.04864136	-0.04484034	-0.0474844
-0.04864001	-0.04483458	-0.04748195
-0.04863853	-0.04482822	-0.04747943
-0.04863697	-0.04482129	-0.04747683
-0.04863326	-0.04481378	-0.04747418
-0.04862925	-0.0448057	-0.04747146
-0.04862497	-0.04479706	-0.0474687
-0.04862042	-0.04478787	-0.04746772
-0.04861563	-0.0447802	-0.04746646
-0.04861062	-0.04477407	-0.04746493
-0.04860542	-0.04476743	-0.04746314
-0.04860003	-0.04476029	-0.0474611
-0.04859448	-0.04475268	-0.04745884
-0.04858879	-0.04474461	-0.04745637
-0.04858297	-0.0447361	-0.04745368
-0.04857706	-0.04472717	-0.04745081
-0.04857289	-0.04471785	-0.04744776
-0.04856841	-0.04470814	-0.04744454
-0.04856364	-0.04470432	-0.04744117
-0.04855862	-0.04469885	-0.04743767
-0.04855337	-0.04468945	-0.04743404
-0.04854791	-0.04468187	-0.0474303
-0.04854228	-0.04467429	-0.04742646
-0.0485365	-0.04466675	-0.04742253
-0.04853059	-0.0446572	-0.04741854
-0.04852459	-0.04465996	-0.04741448
-0.04851851	-0.04465373	-0.04741037
-0.04851238	-0.04464768	-0.04740806
-0.04850623	-0.04464182	-0.04740366
-0.04850192	-0.044638	-0.04740108
-0.04849739	-0.0446342	-0.04739827
-0.04849269	-0.04463043	-0.04739524
-0.04848783	-0.04462672	-0.04739203
-0.04848286	-0.04462312	-0.04738864
-0.0484778	-0.04461758	-0.04738509
-0.0484727	-0.04461195	-0.04738141
-0.04846758	-0.04460624	-0.04737761
-0.04846248	-0.0446005	-0.04737371
-0.04845535	-0.04459475	-0.04736975
-0.04844804	-0.04458901	-0.04736572
-0.04844058	-0.04458331	-0.04736166
-0.048433	-0.04457767	-0.04735759
-0.04842531	-0.04457213	-0.04735351
-0.04841938	-0.0445667	-0.04734946
-0.04841315	-0.04456142	-0.04734545
-0.04840667	-0.04455632	-0.04734151
-0.04839996	-0.04455323	-0.04733947
-0.04839306	-0.04455012	-0.04733728
-0.04838599	-0.04454702	-0.04733498
-0.0483788	-0.04454188	-0.04733259
-0.04837151	-0.04453656	-0.04733013
-0.04836598	-0.04453109	-0.04732763
-0.04835835	-0.04452547	-0.04732304
-0.04835074	-0.04451976	-0.04731821
-0.04834316	-0.04451397	-0.04731314
-0.04833566	-0.04450812	-0.04730787
-0.0483301	-0.04450225	-0.04730241
-0.04832442	-0.04449638	-0.04729679
-0.04831868	-0.04449053	-0.04729101
-0.04831292	-0.04448474	-0.04728511
-0.04830509	-0.04447902	-0.0472791
-0.04829706	-0.04447341	-0.047273
-0.04828885	-0.04446976	-0.04726866
-0.0482805	-0.04446602	-0.04726402
-0.04827204	-0.04446222	-0.04725911
-0.0482635	-0.0444584	-0.04725396
-0.04825492	-0.04445459	-0.04724859
-0.04824634	-0.04444875	-0.04724303
-0.0482396	-0.04444272	-0.04723731
-0.04823266	-0.04443653	-0.04723144
-0.04822558	-0.04443021	-0.04722547
-0.04821839	-0.04442379	-0.04721941
-0.04821112	-0.04441728	-0.04721329
-0.04820382	-0.04441072	-0.04720714
-0.04819653	-0.04440414	-0.04720098
-0.04818929	-0.04439756	-0.04719485
-0.04818395	-0.04439283	-0.04718875
-0.04817667	-0.0443879	-0.04718456
-0.04816748	-0.04438282	-0.04718021
-0.04816006	-0.0443776	-0.04717575
-0.04815239	-0.04437229	-0.04717122
-0.04814449	-0.04436692	-0.04716662
-0.0481364	-0.04436152	-0.04716202
-0.04812817	-0.04435612	-0.04715743
-0.04811984	-0.04435076	-0.04715081
-0.04811144	-0.04434547	-0.04714401
-0.04810301	-0.0443382	-0.04713707
-0.04809459	-0.0443308	-0.047130
-0.04808806	-0.04432331	-0.04712283
-0.04808137	-0.04431574	-0.04711558
-0.04807457	-0.04430813	-0.04711012
-0.04806771	-0.0443005	-0.04710439
-0.04806083	-0.04429288	-0.04709842
-0.0480519	-0.04428528	-0.04709226
-0.04804279	-0.04427958	-0.04708593
-0.04803354	-0.04427371	-0.04707946
-0.04802417	-0.04426771	-0.04707289
-0.04801475	-0.04426162	-0.04706625
-0.04800712	-0.04425546	-0.04705958
-0.04799926	-0.04424928	-0.0470529
-0.04799121	-0.0442431	-0.04704625
-0.04798302	-0.04423695	-0.04703967
-0.04797474	-0.04423088	-0.04703318
-0.0479664	-0.0442249	-0.04702864
-0.04795807	-0.04421906	-0.04702194
-0.04794977	-0.04421339	-0.04701701
-0.04794131	-0.04420584	-0.04700999
-0.04793065	-0.04419827	-0.04700274
-0.04792174	-0.04419252	-0.04699528
-0.04791255	-0.04418655	-0.04698766
-0.04790311	-0.04418039	-0.0469799
-0.04789348	-0.04417408	-0.04697205
-0.0478837	-0.04416764	-0.04696412
-0.04787382	-0.04416112	-0.04695616
-0.04786389	-0.04415454	-0.04694819
-0.04785394	-0.04414794	-0.04694208
-0.04784403	-0.04414135	-0.04693578
-0.0478342	-0.0441348	-0.04692934
-0.04782633	-0.04412832	-0.0469228
-0.04781838	-0.04412196	-0.04691618
-0.04780834	-0.04411573	-0.04690955
-0.04779807	-0.04410968	-0.04690292
-0.04778761	-0.04410384	-0.04689817
-0.04777703	-0.04409616	-0.04689119
-0.04776635	-0.04408849	-0.04688384
-0.04775563	-0.04408269	-0.04687617
-0.04774492	-0.04407671	-0.0468682
-0.04773425	-0.04407058	-0.04685998
-0.04772161	-0.04406433	-0.04685156
-0.04771274	-0.044058	-0.04684296
-0.04770381	-0.04405162	-0.04683423
-0.04769487	-0.04404523	-0.04682358
-0.04768597	-0.04403885	-0.04681496
-0.04767507	-0.04403252	-0.04680631
-0.04766407	-0.04402627	-0.04679768
-0.047653	-0.04402014	-0.04678729
-0.0476419	-0.04401416	-0.04677907
-0.04763083	-0.04400835	-0.04676915
-0.04761982	-0.04400276	-0.04676148
-0.04761076	-0.04399534	-0.04675193
-0.04760161	-0.04398794	-0.04674237
-0.04759242	-0.04398241	-0.04673282
-0.04758326	-0.04397671	-0.04672332
-0.04757417	-0.04397086	-0.0467139
-0.0475652	-0.0439649	-0.0467046
-0.04755434	-0.04395888	-0.04669545
-0.04754344	-0.0439528	-0.04668647
-0.04753074	-0.04394672	-0.04667772
-0.04752017	-0.04394066	-0.04666738
-0.0475097	-0.04393466	-0.04666122
-0.04750303	-0.04392874	-0.04665512
-0.04749241	-0.04392295	-0.04664728
-0.04748204	-0.04391731	-0.04663984
-0.0474699	-0.04390978	-0.04663282
-0.04745992	-0.04390221	-0.04662599
-0.04745214	-0.04389463	-0.04661914
-0.0474443	-0.04388524	-0.04661047
-0.04743619	-0.04387796	-0.04660939
-0.04742786	-0.04387073	-0.04660764
-0.04741937	-0.04386542	-0.04660527
-0.04741076	-0.04385997	-0.04660052
-0.0474021	-0.04385442	-0.04659549
-0.04739891	-0.0438488	-0.04659207
-0.04739137	-0.04384315	-0.04658824
-0.04738187	-0.04383749	-0.04658403
-0.04737231	-0.04383186	-0.0465795
-0.04736246	-0.04382629	-0.04657107
-0.0473524	-0.04382082	-0.04656813
-0.04733486	-0.04381548	-0.04656427
-0.04732366	-0.0438103	-0.04655773
-0.04731445	-0.04380531	-0.04655062
-0.04730701	-0.04379847	-0.04654301
-0.04729933	-0.04379248	-0.04653495
-0.04728993	-0.0437865	-0.04653051
-0.04728048	-0.04378052	-0.04652581
-0.04727095	-0.04377455	-0.04652081
-0.04726136	-0.0437686	-0.04651548
-0.04725169	-0.04376265	-0.04650979
-0.04724194	-0.04375672	-0.04650369
-0.0472321	-0.0437508	-0.04649716
-0.04722218	-0.04374489	-0.04649016
-0.04721215	-0.043739	-0.04648264
-0.04720203	-0.04373312	-0.04647458
-0.0471918	-0.04372726	-0.04646595
-0.04718145	-0.04372142	-0.0464567
-0.04717099	-0.04371559	-0.0464468
-0.04716041	-0.04370979	-0.04643622
-0.04714971	-0.043704	-0.04642492
-0.04713887	-0.04369824	-0.04641287
-0.0471279	-0.04369249	-0.04640002
-0.04711678	-0.04368677	-0.04638635
-0.04710551	-0.04368108	-0.04637182
-0.0470941	-0.04367541	-0.0463564
-0.04708253	-0.04366977	-0.04634004
-0.04707079	-0.04366415	-0.04632272
-0.04705888	-0.04365856	-0.04630439
-0.04704681	-0.043653	-0.04628503
-0.04703455	-0.04364747	-0.04626459
-0.04702212	-0.04364197	-0.04624305
-0.04700949	-0.04363651	-0.04622037
-0.04699668	-0.04363107	-0.04619651
-0.04698366	-0.04362567	-0.04617143
-0.04697044	-0.0436203	-0.04614511
-0.04695701	-0.04361497	-0.0461175
-0.04694337	-0.04360968	-0.04608858
-0.04692951	-0.04360442	-0.0460583
-0.04691543	-0.0435992	-0.04602663
-0.04690112	-0.04359401	-0.04599354
-0.04688657	-0.04358887	-0.04595898
-0.04687179	-0.04358377	-0.04592294