-0.01127073	-0.01423362	-0.001037088	-0.007917471	-0.00941438	-0.01010775
-0.01170911	-0.01487082	-0.001343176	-0.008258899	-0.01007075	-0.01020923
-0.01211838	-0.01546591	-0.001639879	-0.008582871	-0.0106949	-0.01030332
-0.01249933	-0.01601996	-0.001927409	-0.008889865	-0.01128761	-0.01039029
-0.01285273	-0.01653406	-0.002205979	-0.009180351	-0.01184966	-0.01047042
-0.01317937	-0.01700931	-0.002475801	-0.009454805	-0.01238185	-0.01054397
-0.01348004	-0.0174468	-0.002737086	-0.0097137	-0.01288495	-0.01061122
-0.0137555	-0.0178476	-0.002990047	-0.009957509	-0.01335975	-0.01067244
-0.01400655	-0.01821282	-0.003234897	-0.01018671	-0.01380703	-0.01072789
-0.01423396	-0.01854354	-0.003471847	-0.01040177	-0.01422759	-0.01077786
-0.01443852	-0.01884085	-0.003701109	-0.01060316	-0.0146222	-0.01082261
-0.01462102	-0.01910584	-0.003922897	-0.01079137	-0.01499165	-0.01086241
-0.01478222	-0.01933959	-0.004137421	-0.01096686	-0.01533672	-0.01089753
-0.01492292	-0.0195432	-0.004344894	-0.0111301	-0.0156582	-0.01092825
-0.01504391	-0.01971775	-0.004545528	-0.01128158	-0.01595688	-0.01095484
-0.01514595	-0.01986434	-0.004739536	-0.01142176	-0.01623353	-0.01097756
-0.01522983	-0.01998406	-0.00492713	-0.01155112	-0.01648895	-0.0109967
-0.01529633	-0.02007798	-0.005108521	-0.01167013	-0.01672391	-0.01101251
-0.01534625	-0.02014721	-0.005283922	-0.01177927	-0.01693921	-0.01102527
-0.01538035	-0.02019283	-0.005453546	-0.01187901	-0.01713562	-0.01103526
-0.01539942	-0.02021592	-0.005617603	-0.01196982	-0.01731394	-0.01104274
-0.01540425	-0.02021759	-0.005776308	-0.01205218	-0.01747494	-0.01104798
-0.01539561	-0.02019891	-0.005929871	-0.01212655	-0.01761942	-0.01105126
-0.01537429	-0.02016098	-0.006078504	-0.01219343	-0.01774815	-0.01105285
-0.01534107	-0.02010488	-0.006222421	-0.01225327	-0.01786192	-0.01105302
-0.01529674	-0.02003171	-0.006361833	-0.01230655	-0.01796152	-0.01105203
-0.01524206	-0.01994255	-0.006496952	-0.01235375	-0.01804773	-0.01105017
-0.01517784	-0.0198385	-0.006627991	-0.01239534	-0.01812134	-0.0110477
-0.01510484	-0.01972063	-0.006755162	-0.01243179	-0.01818313	-0.01104489
-0.01502385	-0.01959005	-0.006878676	-0.01246358	-0.01823388	-0.01104202
-0.01493566	-0.01944783	-0.006998747	-0.01249118	-0.01827438	-0.01103935
-0.01484104	-0.01929508	-0.007115586	-0.01251506	-0.01830542	-0.01103716
-0.01474078	-0.01913287	-0.007229405	-0.0125357	-0.01832777	-0.01103572
-0.01463566	-0.01896229	-0.007340417	-0.01255357	-0.01834223	-0.01103529
-0.01452646	-0.01878445	-0.007448834	-0.01256915	-0.01834958	-0.01103616
-0.01441397	-0.01860041	-0.007554867	-0.01258291	-0.0183506	-0.01103859
-0.01429896	-0.01841128	-0.00765873	-0.01259532	-0.01834609	-0.01104285
-0.01418222	-0.01821814	-0.007760635	-0.01260686	-0.01833681	-0.01104922
-0.01406454	-0.01802209	-0.007860793	-0.012618	-0.01832357	-0.01105796
-0.01374849	-0.01757785	-0.007946379	-0.01249008	-0.01816599	-0.01089837
-0.01354646	-0.01721773	-0.008018185	-0.01242614	-0.01808777	-0.01083025
-0.01339927	-0.01692581	-0.00805228	-0.01241159	-0.01805016	-0.01081942
-0.01329494	-0.01671618	-0.008071724	-0.01243314	-0.01804389	-0.01084893
-0.01325472	-0.0166144	-0.008204682	-0.01248135	-0.01805984	-0.01090358
-0.01320988	-0.01651652	-0.008325537	-0.01254715	-0.01809765	-0.0109883
-0.01318045	-0.01646639	-0.008447256	-0.01262833	-0.01814197	-0.01107874
-0.01316827	-0.01642088	-0.008571859	-0.01271829	-0.0182082	-0.01119529
-0.01316843	-0.01639652	-0.008697469	-0.01281567	-0.01827435	-0.01130923
-0.01317969	-0.01637575	-0.008826109	-0.01292066	-0.0183463	-0.01142512
-0.01319848	-0.01636336	-0.00895591	-0.01302932	-0.01841385	-0.01152931
-0.01322487	-0.01635269	-0.009086826	-0.01314133	-0.01848676	-0.01164004
-0.01325501	-0.01633805	-0.009214907	-0.01325636	-0.01856571	-0.01175731
-0.01329258	-0.01633633	-0.009343998	-0.01337408	-0.01866203	-0.01189592
-0.01333525	-0.01633843	-0.009471961	-0.01349411	-0.01876914	-0.01204701
-0.01338276	-0.01634353	-0.009598478	-0.0136122	-0.01887691	-0.01219194
-0.01343277	-0.0163547	-0.009723222	-0.01373185	-0.01897233	-0.01231435
-0.01348678	-0.01636925	-0.009845862	-0.01385266	-0.01907018	-0.01243553
-0.01354265	-0.01637745	-0.00996606	-0.0139742	-0.0191683	-0.01255484
-0.01360003	-0.01637805	-0.01008372	-0.01409604	-0.01926429	-0.01267368
-0.01366036	-0.01638853	-0.01019875	-0.01421773	-0.01935987	-0.01278983
-0.01372324	-0.01640424	-0.01031287	-0.01433881	-0.01945287	-0.01290881
-0.01379008	-0.01642834	-0.01042596	-0.01446088	-0.01954681	-0.01302837
-0.01385656	-0.01645071	-0.01053793	-0.01458165	-0.0196434	-0.01315221
-0.01392818	-0.01648617	-0.01064867	-0.0147027	-0.01973865	-0.01327233
-0.0140006	-0.01652044	-0.01075808	-0.01482378	-0.01983424	-0.01339036
-0.01407539	-0.01655923	-0.01086605	-0.01494463	-0.019928	-0.0135079
-0.01415232	-0.0165965	-0.01097272	-0.01506499	-0.02002371	-0.01362473
-0.01422905	-0.01663429	-0.01108033	-0.01518461	-0.02011733	-0.0137445
-0.01430921	-0.01667798	-0.01118695	-0.01530321	-0.02021292	-0.01386544
-0.01438887	-0.01671423	-0.01129456	-0.01542258	-0.02030463	-0.01398157
-0.01447162	-0.01676059	-0.01140331	-0.01554063	-0.02039597	-0.0140963
-0.01455509	-0.01681046	-0.01151339	-0.01565913	-0.02048682	-0.01420938
-0.01464102	-0.01686348	-0.01162496	-0.01577599	-0.0205729	-0.0143203
-0.01472909	-0.01691926	-0.01173613	-0.01589299	-0.02065797	-0.01442696
-0.01481713	-0.01697194	-0.01184707	-0.01601009	-0.02074239	-0.01453948
-0.01491444	-0.01707116	-0.01195797	-0.01612724	-0.02082602	-0.01464797
-0.01500896	-0.01714902	-0.01207083	-0.01624442	-0.02091054	-0.01475788
-0.01510269	-0.01721711	-0.01218377	-0.0163595	-0.02097758	-0.01486164
-0.01519734	-0.01727972	-0.01229671	-0.01647426	-0.02106206	-0.01496885
-0.0152928	-0.01733929	-0.01241167	-0.01658865	-0.02114696	-0.01507691
-0.01538712	-0.01738886	-0.01252676	-0.01670263	-0.02123035	-0.01518581
-0.01548041	-0.01742244	-0.01264193	-0.01681616	-0.02131599	-0.01529371
-0.01557826	-0.01748243	-0.01275712	-0.01692918	-0.02139778	-0.01540036
-0.01567637	-0.01753247	-0.01287226	-0.01704166	-0.02146963	-0.01549145
-0.01577459	-0.01758296	-0.0129873	-0.01715354	-0.0215392	-0.01558462
-0.01587277	-0.01762866	-0.01310218	-0.01726477	-0.02161047	-0.01568216
-0.01597099	-0.01767757	-0.01321684	-0.01737532	-0.02168152	-0.01578198
-0.01607118	-0.01772756	-0.0133294	-0.01748697	-0.02174829	-0.01587809
-0.01616926	-0.01777334	-0.01344186	-0.01759758	-0.02181481	-0.01597437
-0.01626895	-0.01782835	-0.01355625	-0.01770739	-0.02188302	-0.01607291
-0.01637189	-0.01790242	-0.01367067	-0.01781842	-0.02194893	-0.01617187
-0.01647401	-0.01796979	-0.01378507	-0.01792857	-0.02201265	-0.01626945
-0.01657878	-0.01806422	-0.01389938	-0.01803779	-0.02207823	-0.01636567
-0.01668029	-0.01812174	-0.01401356	-0.01814607	-0.0221401	-0.01646078
-0.01678069	-0.01818534	-0.01412753	-0.01825519	-0.02220047	-0.01655506
-0.01688551	-0.01827815	-0.01424124	-0.01836305	-0.02226133	-0.01665034
-0.01699042	-0.01837444	-0.01435464	-0.0184717	-0.02232255	-0.01674847
-0.01709133	-0.01846069	-0.01446765	-0.01857929	-0.02238614	-0.01684558
-0.01719403	-0.01854152	-0.01458023	-0.01868581	-0.02244834	-0.0169417
-0.01729468	-0.01861007	-0.0146944	-0.01879123	-0.02251118	-0.01703686
-0.01739335	-0.01867847	-0.01480826	-0.01889736	-0.0225709	-0.01712927
-0.01749372	-0.0187466	-0.01492178	-0.01900211	-0.02262978	-0.01722286
-0.01759171	-0.01881643	-0.01503489	-0.01910755	-0.02269161	-0.01732132
-0.01769102	-0.01890061	-0.01514755	-0.01921183	-0.02275427	-0.01741663
-0.01778963	-0.01897566	-0.01525971	-0.01931679	-0.02281768	-0.01751249
-0.01788735	-0.01905344	-0.0153713	-0.01942034	-0.02287997	-0.01760688
-0.01798813	-0.01914607	-0.01548229	-0.01952249	-0.02294316	-0.01770168
-0.01808034	-0.01921939	-0.01559469	-0.01962322	-0.02300329	-0.01779303
-0.01817341	-0.01928447	-0.01570663	-0.01972438	-0.02306421	-0.01788491
-0.01826531	-0.01934507	-0.01581807	-0.01982595	-0.02312588	-0.01797527
-0.01835609	-0.01940749	-0.01592896	-0.01992407	-0.02319032	-0.01807018
-0.01844581	-0.019470	-0.01603925	-0.02002262	-0.02324971	-0.01815982
-0.01853451	-0.01952719	-0.0161489	-0.02012164	-0.02330791	-0.01824609
-0.01862225	-0.01958534	-0.01625787	-0.02021905	-0.02336693	-0.01833293
-0.01870883	-0.01965361	-0.01636818	-0.02031488	-0.02342286	-0.01842018
-0.01879406	-0.01972168	-0.01647797	-0.02040915	-0.02347955	-0.01850582
-0.01888005	-0.01978622	-0.0165872	-0.02050578	-0.02353697	-0.01859175
-0.01896687	-0.01986079	-0.01669584	-0.0206009	-0.02359299	-0.01867597
-0.01905042	-0.01992751	-0.01680383	-0.02069455	-0.02364761	-0.01875855
-0.01913651	-0.02000204	-0.01691115	-0.02078857	-0.02370286	-0.01884141
-0.01922128	-0.02007845	-0.01701958	-0.02088094	-0.02375689	-0.01892671
-0.01930457	-0.02016382	-0.01712908	-0.02097169	-0.02381177	-0.01901064
-0.01939035	-0.02026656	-0.01723781	-0.02106269	-0.02386747	-0.01909305
-0.01947116	-0.02034954	-0.01734573	-0.02115398	-0.02392009	-0.01917585
-0.0195546	-0.02044353	-0.01745283	-0.02124379	-0.02397558	-0.01925917
-0.01963663	-0.02053978	-0.01755907	-0.021334	-0.02402797	-0.01934102
-0.01971549	-0.02062303	-0.01766443	-0.02142259	-0.02407906	-0.01942128
-0.01979517	-0.02071488	-0.01776888	-0.02150961	-0.02413093	-0.01950004
-0.01987758	-0.02082501	-0.01787447	-0.02159696	-0.02418175	-0.01957925
-0.01995684	-0.02092206	-0.01797937	-0.02168262	-0.02423566	-0.01965903
-0.02003486	-0.02101751	-0.01808354	-0.02176666	-0.02428671	-0.01973534
-0.02011356	-0.02112053	-0.01818698	-0.02185303	-0.02435106	-0.0198263
-0.02019097	-0.0212187	-0.01829148	-0.02193793	-0.02440485	-0.01990425
-0.02026717	-0.0213084	-0.01839496	-0.02202143	-0.02445666	-0.01997792
-0.02034617	-0.02141538	-0.01849739	-0.02210543	-0.02450654	-0.02004951
-0.02042419	-0.02153448	-0.01860086	-0.02218794	-0.02455451	-0.02011917
-0.02050132	-0.02163764	-0.01870351	-0.02226905	-0.02460267	-0.02018911
-0.02057769	-0.02174283	-0.01880536	-0.02235067	-0.02464924	-0.02025556
-0.02065133	-0.02184019	-0.01890638	-0.0224308	-0.02469244	-0.02032051
-0.02072807	-0.02195648	-0.01900658	-0.02251137	-0.0247341	-0.02038382
-0.02080387	-0.02207411	-0.01910595	-0.0225904	-0.02477245	-0.02044564
-0.02088042	-0.02219574	-0.01920448	-0.02266799	-0.02481322	-0.02051365
-0.02095395	-0.02230812	-0.01930217	-0.02274606	-0.02484866	-0.02057242
-0.02102848	-0.02242896	-0.0194029	-0.02282263	-0.02488294	-0.02063404
-0.02110205	-0.02254683	-0.01950279	-0.02289782	-0.0249179	-0.02069425
-0.02117661	-0.0226654	-0.01960185	-0.02297355	-0.02495175	-0.02075503
-0.0212523	-0.0227964	-0.01970007	-0.02304785	-0.02498661	-0.02081653
-0.02132534	-0.02291307	-0.01979747	-0.02312267	-0.02501677	-0.02087503
-0.02139953	-0.02303808	-0.01989404	-0.02319604	-0.0250446	-0.02092909
-0.02147292	-0.02315899	-0.01998981	-0.02326809	-0.02507218	-0.02098461
-0.02154539	-0.02327948	-0.02008477	-0.02333892	-0.02509066	-0.02103077
-0.02161709	-0.02339251	-0.02018101	-0.02341048	-0.0251164	-0.02108565
-0.02168374	-0.02346773	-0.02027854	-0.02348083	-0.02514317	-0.02114629
-0.02175277	-0.02356441	-0.0203753	-0.02355191	-0.02517254	-0.02120819
-0.02182249	-0.0236661	-0.02047132	-0.02362177	-0.02522479	-0.02127908
-0.02189096	-0.02376367	-0.02056661	-0.02369237	-0.02526072	-0.02134513
-0.02195834	-0.02385813	-0.0206612	-0.02376177	-0.02530201	-0.02141331
-0.02202867	-0.02396039	-0.0207551	-0.02383011	-0.02534611	-0.02148308
-0.02210028	-0.02408031	-0.02084833	-0.02389935	-0.02538685	-0.02155049
-0.02216736	-0.02417479	-0.02094273	-0.02396755	-0.02542791	-0.02161185
-0.02223552	-0.02427795	-0.02103627	-0.0240367	-0.02546962	-0.02167543
-0.02230286	-0.02438644	-0.02112895	-0.02410485	-0.02551228	-0.02173988
-0.02237135	-0.02450264	-0.02122994	-0.02417217	-0.02555207	-0.02179944
-0.02244299	-0.0246337	-0.02132524	-0.02424062	-0.02558904	-0.02185588
-0.02251014	-0.02474487	-0.02142116	-0.02430621	-0.02562716	-0.02191307
-0.02258078	-0.02487104	-0.02151407	-0.02437274	-0.02566465	-0.02196914
-0.02264909	-0.02499232	-0.02160064	-0.02444037	-0.02569952	-0.02202221
-0.02271684	-0.02509532	-0.02168895	-0.02450537	-0.02572633	-0.02206702
-0.02278392	-0.0252069	-0.02177695	-0.02457152	-0.02575368	-0.02211571
-0.02284819	-0.02528865	-0.0218665	-0.02463694	-0.02578161	-0.02216613
-0.02291553	-0.02540534	-0.02195557	-0.02470359	-0.02581587	-0.02222213
-0.0229843	-0.02551824	-0.02204419	-0.0247675	-0.0258526	-0.02228161
-0.02304845	-0.02560176	-0.0221324	-0.02483249	-0.02588978	-0.02233855
-0.02310971	-0.02567494	-0.02222207	-0.02489664	-0.02592723	-0.02239475
-0.02317399	-0.02575338	-0.02231117	-0.02496012	-0.0259629	-0.02245018
-0.02323548	-0.02583187	-0.02239973	-0.02502494	-0.02600259	-0.02250689
-0.02330007	-0.02591926	-0.02248782	-0.02508919	-0.0260422	-0.02256485
-0.02336405	-0.02600442	-0.02257546	-0.02515279	-0.02608568	-0.02262613
-0.02342735	-0.02608922	-0.02266271	-0.02521567	-0.02612948	-0.022685
-0.0234899	-0.02617167	-0.02275145	-0.02527984	-0.02617341	-0.02274119
-0.02355164	-0.02623704	-0.02283963	-0.02534339	-0.02621339	-0.02279469
-0.02361248	-0.02630852	-0.02292733	-0.02540627	-0.02625156	-0.02284573
-0.02367237	-0.02637263	-0.0230164	-0.02546839	-0.02629189	-0.022900
-0.02373123	-0.02643282	-0.02310485	-0.02553177	-0.02633417	-0.02295516
-0.02379316	-0.02649952	-0.02319272	-0.02559453	-0.02637822	-0.02301303
-0.02385236	-0.0265637	-0.02328007	-0.02565477	-0.02642206	-0.02306787
-0.02391267	-0.02663347	-0.02336879	-0.02571633	-0.02646731	-0.02312724
-0.02397223	-0.02670141	-0.02345686	-0.02577732	-0.02651173	-0.02318309
-0.02403305	-0.02676969	-0.02354436	-0.02583975	-0.02655723	-0.02323569
-0.02409325	-0.02684466	-0.02363134	-0.02589968	-0.02659842	-0.02328763
-0.02415486	-0.0269228	-0.0237197	-0.02596093	-0.02664319	-0.02334281
-0.02421394	-0.02698998	-0.02380743	-0.02602163	-0.02667287	-0.02337677
-0.02427435	-0.02705751	-0.02389279	-0.02608198	-0.02670411	-0.02341595
-0.02433421	-0.02713176	-0.02398155	-0.02614191	-0.02674583	-0.02347259
-0.02439348	-0.027197	-0.02406965	-0.02620138	-0.02679475	-0.02353894
-0.02445212	-0.02726873	-0.02415717	-0.0262624	-0.0268463	-0.02360285
-0.02451008	-0.02733539	-0.02424418	-0.02632103	-0.02689644	-0.02366072
-0.02456733	-0.02740259	-0.02433051	-0.0263811	-0.02692886	-0.02369486
-0.02462382	-0.02745983	-0.02441598	-0.02644075	-0.02698601	-0.02376483
-0.02468133	-0.02751635	-0.02450068	-0.02649993	-0.02703713	-0.02382212
-0.02474008	-0.0275889	-0.02458651	-0.02655859	-0.02706459	-0.02384433
-0.02479614	-0.02764853	-0.02467147	-0.02661692	-0.0270952	-0.02387975
-0.02485129	-0.02770814	-0.02475565	-0.02667489	-0.0271504	-0.02395238
-0.02490966	-0.02777621	-0.02483914	-0.02673244	-0.02720148	-0.02401165
-0.0249655	-0.02784146	-0.02492384	-0.0267916	-0.02725977	-0.02407557
-0.02502059	-0.02789916	-0.02500778	-0.02684843	-0.0273187	-0.02413594
-0.02507491	-0.02796091	-0.02509104	-0.02690678	-0.02737246	-0.02418738
-0.02513052	-0.02802532	-0.02517553	-0.02696477	-0.02742121	-0.02423074
-0.0251853	-0.02808038	-0.02526112	-0.02702238	-0.02745032	-0.02425543
-0.02523924	-0.02813744	-0.02533644	-0.02707955	-0.02748463	-0.02428828
-0.02529438	-0.02820109	-0.02545367	-0.02713833	-0.02751699	-0.02432228
-0.02534682	-0.02825775	-0.02557254	-0.02719476	-0.02754546	-0.02435387
-0.02540043	-0.02831283	-0.02568318	-0.02725272	-0.02757201	-0.02438699
-0.02545337	-0.02838288	-0.02577876	-0.02731034	-0.02759291	-0.02441417
-0.0255077	-0.02845511	-0.02586991	-0.02736758	-0.02761037	-0.02444172
-0.02556341	-0.02853392	-0.02595316	-0.02742442	-0.02762662	-0.02446786
-0.02561659	-0.02860345	-0.02603107	-0.02748081	-0.02763973	-0.0244945
-0.02566906	-0.02866216	-0.02610223	-0.02753671	-0.02765195	-0.02452172
-0.02571874	-0.02871913	-0.02617282	-0.02759417	-0.02765744	-0.0245397
-0.02577158	-0.0287826	-0.02624093	-0.02764926	-0.02766417	-0.0245662
-0.02582369	-0.02884292	-0.02630103	-0.02770584	-0.02766681	-0.02458803
-0.02587505	-0.02890603	-0.02635926	-0.02776206	-0.02766553	-0.02460708
-0.02592566	-0.02896618	-0.02641578	-0.02781789	-0.02766438	-0.02462732
-0.02597552	-0.02902309	-0.02647076	-0.02787329	-0.02766143	-0.02464676
-0.02602671	-0.02908893	-0.02652254	-0.02792825	-0.02765891	-0.02466938
-0.02607715	-0.0291442	-0.02657335	-0.02798273	-0.02765932	-0.02469758
-0.02612684	-0.02920213	-0.02662335	-0.02803877	-0.02765892	-0.02472369
-0.02617579	-0.02925697	-0.0266727	-0.02809454	-0.02767037	-0.02476416
-0.0262279	-0.02932506	-0.02672156	-0.028150	-0.02768059	-0.02480171
-0.02627539	-0.02938093	-0.026768	-0.02820514	-0.0276911	-0.02483338
-0.02632398	-0.02942927	-0.02681401	-0.02825992	-0.0276998	-0.02486087
-0.02636978	-0.02947343	-0.02685973	-0.02831434	-0.02770453	-0.02488584
-0.02641671	-0.02951934	-0.02690714	-0.02836837	-0.0277055	-0.02490449
-0.02646476	-0.02956956	-0.0269525	-0.02842197	-0.02769872	-0.02491872
-0.02651005	-0.0296204	-0.02699803	-0.02847721	-0.02768957	-0.02493173
-0.02655649	-0.02967213	-0.02704571	-0.02853017	-0.02768521	-0.02495428
-0.0266041	-0.02972498	-0.02711344	-0.02858473	-0.02770306	-0.02501101
-0.02664901	-0.02977896	-0.02718746	-0.02863697	-0.02770175	-0.02502825
-0.02669513	-0.02982993	-0.02725035	-0.02869077	-0.02769444	-0.02504195
-0.02673857	-0.02987971	-0.02729479	-0.0287461	-0.02768548	-0.02505272
-0.02678119	-0.02991169	-0.02733683	-0.02879907	-0.0276753	-0.02506483
-0.02682689	-0.02996508	-0.02737534	-0.02885355	-0.02766589	-0.02507812
-0.026870	-0.03001363	-0.02741465	-0.02890564	-0.02764991	-0.02508516
-0.02691441	-0.03005891	-0.02745752	-0.02895922	-0.02763191	-0.02509254
-0.0269581	-0.03010484	-0.02749869	-0.02901245	-0.02762612	-0.0251162
-0.02700109	-0.03015143	-0.02753833	-0.02906532	-0.02762334	-0.02514044
-0.02704341	-0.03019481	-0.02757664	-0.02911783	-0.02762353	-0.0251649
-0.02708691	-0.03023889	-0.02761562	-0.02916997	-0.02762068	-0.02518375
-0.02712773	-0.03028369	-0.02765544	-0.02922354	-0.02761863	-0.02520075
-0.0271698	-0.03032535	-0.02769811	-0.02927465	-0.0276155	-0.02521969
-0.02721315	-0.03036779	-0.02773966	-0.02932719	-0.02761332	-0.02523861
-0.02725393	-0.03040896	-0.02778208	-0.02937932	-0.0276141	-0.02525947
-0.02729607	-0.03044889	-0.02782556	-0.02943105	-0.02761206	-0.02527849
-0.02733755	-0.03048969	-0.02787209	-0.0294842	-0.02761104	-0.02529764
-0.02737839	-0.03052932	-0.02791979	-0.02953487	-0.02761097	-0.02531679
-0.02741865	-0.03056963	-0.02796884	-0.02958695	-0.02761205	-0.02533788
-0.02746019	-0.03060859	-0.02801917	-0.02963655	-0.02761238	-0.02535898
-0.02749917	-0.03064625	-0.02807071	-0.02968757	-0.02761786	-0.02538413
-0.02753951	-0.03068473	-0.02812546	-0.02973793	-0.02762505	-0.02540982
-0.0275792	-0.03072199	-0.02817947	-0.02978763	-0.02763413	-0.02543412
-0.02762011	-0.03075991	-0.02823657	-0.02983669	-0.02764298	-0.02545667
-0.0276584	-0.03079673	-0.02829487	-0.02988692	-0.02765334	-0.02547917
-0.02769801	-0.03083092	-0.02835638	-0.02993652	-0.02766516	-0.02550358
-0.02773692	-0.03086826	-0.02841715	-0.02998548	-0.02767993	-0.02552747
-0.02777519	-0.03090466	-0.02847919	-0.03003383	-0.02769163	-0.02554681
-0.02781287	-0.03094227	-0.02854452	-0.03008157	-0.02769703	-0.02556275
-0.02785185	-0.03097906	-0.02861308	-0.03013053	-0.02770875	-0.02558397
-0.02789011	-0.03101486	-0.02868092	-0.03017684	-0.02771916	-0.02560436
-0.02792772	-0.03105339	-0.02875189	-0.0302244	-0.02775051	-0.02565004
-0.02796472	-0.03109082	-0.02882619	-0.03027323	-0.02778635	-0.02569673
-0.02800302	-0.03112724	-0.02889987	-0.03031945	-0.02781623	-0.0257275
-0.02803878	-0.03116273	-0.02897472	-0.03036697	-0.02783725	-0.02574462
-0.02807597	-0.03119737	-0.02905275	-0.03041193	-0.02785867	-0.02576326
-0.02811256	-0.03123307	-0.02913211	-0.03045823	-0.02788403	-0.02578745
-0.02815047	-0.03126784	-0.02921274	-0.03050382	-0.02793191	-0.02584014
-0.02818586	-0.03130151	-0.02929461	-0.03054874	-0.02795884	-0.02585783
-0.02822062	-0.03133601	-0.02937975	-0.03059299	-0.02799049	-0.02588542
-0.02825665	-0.03136751	-0.02946605	-0.03063843	-0.02805193	-0.02594924
-0.02829195	-0.03140002	-0.02955347	-0.03068326	-0.02811526	-0.02600605
-0.02832659	-0.03143155	-0.02964406	-0.03072751	-0.02815711	-0.02602519
-0.02836065	-0.03146401	-0.02973595	-0.03077303	-0.02820498	-0.0260534
-0.02839603	-0.03149544	-0.02982912	-0.03081597	-0.02824267	-0.02607335
-0.02843073	-0.03152387	-0.02992537	-0.03086025	-0.02827895	-0.02609038
-0.02846483	-0.03155327	-0.03002284	-0.03090382	-0.0283155	-0.02611084
-0.02849842	-0.03158169	-0.03012151	-0.03094674	-0.02835065	-0.02613378
-0.02853133	-0.03161104	-0.03021929	-0.03098902	-0.02838455	-0.0261557
-0.02856546	-0.03163936	-0.03032835	-0.03103254	-0.02841707	-0.02617649
-0.028597	-0.03166859	-0.03039179	-0.03107343	-0.02844811	-0.02619603
-0.02862994	-0.03169492	-0.0304452	-0.03111563	-0.02847573	-0.02621446
-0.02866228	-0.03172238	-0.03049777	-0.03115529	-0.02850189	-0.02622986
-0.02869593	-0.031749	-0.0305561	-0.03119633	-0.02852855	-0.02625015
-0.0287271	-0.03177465	-0.03061302	-0.03123673	-0.02855586	-0.02626977
-0.0287577	-0.03180126	-0.03067257	-0.03127654	-0.02858187	-0.02629069
-0.02878963	-0.03182687	-0.03073126	-0.03131577	-0.02860467	-0.0263071
-0.02882091	-0.03184954	-0.0307934	-0.03135632	-0.02862646	-0.02632305
-0.02885165	-0.03187328	-0.03085321	-0.03139433	-0.0286474	-0.02634258
-0.02888194	-0.03189612	-0.03091061	-0.03143374	-0.02867127	-0.02636536
-0.02891161	-0.03191795	-0.03097177	-0.03147251	-0.02869615	-0.02638739
-0.02894259	-0.0319407	-0.03103117	-0.03151253	-0.0287222	-0.02640911
-0.02897108	-0.03196244	-0.03109083	-0.03154996	-0.02874751	-0.0264307
-0.02900108	-0.0319851	-0.03115071	-0.03158873	-0.02877199	-0.02645207
-0.0290306	-0.03200493	-0.03121102	-0.03162683	-0.02879764	-0.02647314
-0.0290595	-0.03202594	-0.031272	-0.03166432	-0.02882256	-0.02649384
-0.02908971	-0.03204621	-0.03133361	-0.03170125	-0.02884666	-0.02651408
-0.02911743	-0.03206769	-0.03139402	-0.0317395	-0.02887012	-0.02653587
-0.02914459	-0.03208845	-0.03145529	-0.03177523	-0.02889103	-0.02655315
-0.02917311	-0.03210836	-0.03151741	-0.0318124	-0.02891114	-0.02657156
-0.02920103	-0.03212758	-0.03157855	-0.031849	-0.02893036	-0.02658946
-0.02923027	-0.03214624	-0.03164078	-0.03188691	-0.02895068	-0.02660702
-0.02925706	-0.03216631	-0.03170021	-0.0319223	-0.02897617	-0.02663221
-0.02928332	-0.03218586	-0.03176281	-0.03195913	-0.02900861	-0.02666109
-0.02931099	-0.03220479	-0.03182677	-0.03199539	-0.02904173	-0.0266892
-0.0293381	-0.03222507	-0.03189002	-0.03203116	-0.02905989	-0.02669492
-0.02936269	-0.03224477	-0.03192765	-0.0320665	-0.02904979	-0.02666596
-0.02938878	-0.0322638	-0.03195319	-0.03210331	-0.0290537	-0.02667211
-0.0294144	-0.03228205	-0.03198397	-0.03213958	-0.02905924	-0.02667887
-0.02944148	-0.03230151	-0.03201705	-0.03217332	-0.02906478	-0.02668874
-0.02946808	-0.03232027	-0.03205316	-0.03220848	-0.02906499	-0.02669252
-0.02949406	-0.03233821	-0.0320907	-0.03224308	-0.02906212	-0.02669613
-0.02951954	-0.03235526	-0.03212603	-0.03227901	-0.02906622	-0.02670934
-0.02954465	-0.03237159	-0.0321633	-0.03231245	-0.02907199	-0.02672482
-0.02956926	-0.03238734	-0.03220068	-0.03234738	-0.02907362	-0.02672534
-0.0295953	-0.03240242	-0.03224028	-0.03238181	-0.02907496	-0.02673004
-0.02962083	-0.03241883	-0.03227848	-0.0324158	-0.02907383	-0.02673628
-0.02964391	-0.03243464	-0.03231738	-0.03244946	-0.02907407	-0.02674604
-0.02966855	-0.03244979	-0.03235703	-0.03248261	-0.02907375	-0.02675743
-0.0296928	-0.03246625	-0.03239355	-0.03251715	-0.02907489	-0.02676832
-0.02971654	-0.03248213	-0.03243089	-0.03254927	-0.02907559	-0.02677865
-0.02974173	-0.03249734	-0.03246909	-0.03258295	-0.02907577	-0.02678835
-0.02976642	-0.03251389	-0.03250638	-0.03261621	-0.02907744	-0.02679945
-0.02978867	-0.03252987	-0.0325428	-0.03264888	-0.02907871	-0.02681008
-0.0298125	-0.03254522	-0.03258023	-0.03268105	-0.02907951	-0.02682017
-0.02983598	-0.03255987	-0.03261873	-0.03271281	-0.02908186	-0.02682967
-0.02985898	-0.03257373	-0.03265445	-0.03274608	-0.02908387	-0.02683672
-0.02988348	-0.03258883	-0.03269136	-0.03277886	-0.02908548	-0.02684514
-0.02990752	-0.03260143	-0.03272743	-0.03280918	-0.02909054	-0.02685672
-0.02992917	-0.03261355	-0.03276274	-0.03284103	-0.02909327	-0.02686568
-0.0299504	-0.03262511	-0.03279733	-0.03287242	-0.02910299	-0.02688136
-0.02997316	-0.03263812	-0.03283311	-0.03290321	-0.02910955	-0.02689177
-0.02999551	-0.03265485	-0.03286806	-0.03293348	-0.02911682	-0.02690105
-0.03001735	-0.03266744	-0.03290225	-0.03296332	-0.0291167	-0.02690134
-0.03004064	-0.03268154	-0.03293783	-0.03299467	-0.02911903	-0.02690664
-0.03006162	-0.03269528	-0.03297279	-0.03302554	-0.02912663	-0.02691974
-0.03008226	-0.0327086	-0.03300696	-0.03305396	-0.02913633	-0.02693149
-0.03010246	-0.03272143	-0.03304042	-0.03308392	-0.02914631	-0.02694189
-0.03012417	-0.03273164	-0.03307323	-0.03311345	-0.0291529	-0.02694883
-0.03014546	-0.03274307	-0.0331073	-0.0331424	-0.02916025	-0.02695799
-0.03016624	-0.03275383	-0.03314064	-0.03317269	-0.02916833	-0.02696727
-0.03018847	-0.03276594	-0.03317332	-0.03320054	-0.02918127	-0.02698079
-0.0302084	-0.03277753	-0.03320543	-0.03322994	-0.02919543	-0.02699488
-0.03022801	-0.03278854	-0.03323887	-0.03325893	-0.02920872	-0.02700743
-0.0302472	-0.03279892	-0.03327166	-0.03328735	-0.02922295	-0.02701635
-0.03026793	-0.03280861	-0.03330389	-0.03331533	-0.02923421	-0.02702343
-0.03028828	-0.03281757	-0.03333563	-0.03334296	-0.02924636	-0.02703044
-0.03030815	-0.03282781	-0.03336674	-0.03337011	-0.02925731	-0.02703733
-0.03032745	-0.03283747	-0.0333973	-0.0333987	-0.02926885	-0.02704406
-0.03034633	-0.03284651	-0.03342738	-0.03342678	-0.02927887	-0.0270485
-0.03036495	-0.03285487	-0.03345893	-0.03345238	-0.02928708	-0.02705243
-0.03038319	-0.03286251	-0.03348993	-0.03347951	-0.02929524	-0.0270558
-0.03040098	-0.03287146	-0.03352025	-0.03350622	-0.02929943	-0.02705855
-0.03042028	-0.03287986	-0.03354997	-0.03353235	-0.02930347	-0.02706271
-0.03043918	-0.03288585	-0.03357919	-0.03355985	-0.02930938	-0.02706848
-0.03045758	-0.03289145	-0.03360984	-0.03358494	-0.0293153	-0.027074
-0.03047358	-0.03289661	-0.03363992	-0.03360957	-0.02932117	-0.02707923
-0.03049122	-0.03290131	-0.03366956	-0.03363566	-0.02932693	-0.02708413
-0.03050859	-0.03290755	-0.03369884	-0.03366126	-0.02933461	-0.02709074
-0.0305256	-0.03291349	-0.03372762	-0.0336865	-0.02934234	-0.02709721
-0.03054216	-0.03291908	-0.03375782	-0.0337115	-0.02934825	-0.02710166
-0.03056025	-0.03292428	-0.03378748	-0.03373613	-0.02935436	-0.02710616
-0.03057796	-0.03292906	-0.03381462	-0.03376232	-0.02936062	-0.02711064
-0.03059521	-0.03293336	-0.03384325	-0.03378813	-0.02936906	-0.02711716
-0.03061191	-0.03293924	-0.0338714	-0.03381345	-0.02937989	-0.02712593
-0.03062823	-0.03294483	-0.03389892	-0.03383838	-0.02939123	-0.02713302
-0.03064433	-0.03295011	-0.03392594	-0.03386308	-0.02940097	-0.02713607
-0.03066014	-0.03295503	-0.03395254	-0.0338874	-0.0294109	-0.02714076
-0.03067556	-0.03295957	-0.03398066	-0.03391122	-0.02942096	-0.02714731
-0.03069258	-0.03296369	-0.03400835	-0.0339365	-0.02943111	-0.02715385
-0.03070932	-0.03296736	-0.03403365	-0.03395947	-0.0294413	-0.02716036
-0.03072567	-0.03297262	-0.03406055	-0.03398208	-0.02944967	-0.02716679
-0.03074157	-0.03297763	-0.0340871	-0.03400629	-0.02945823	-0.02717313
-0.03075695	-0.03298235	-0.03411315	-0.03403014	-0.02946694	-0.02717933
-0.03077196	-0.03298677	-0.03414067	-0.03405353	-0.02947781	-0.02718536
-0.03078679	-0.03299085	-0.03416767	-0.03407842	-0.02948899	-0.0271912
-0.03080135	-0.03299457	-0.03419221	-0.03410103	-0.02950041	-0.0271968
-0.03081558	-0.03299997	-0.0342183	-0.03412334	-0.02951205	-0.0272042
-0.03082938	-0.03300523	-0.034244	-0.03414521	-0.02952385	-0.02721158
-0.03084476	-0.03301213	-0.03427124	-0.03416862	-0.02953368	-0.02721498
-0.03085982	-0.0330186	-0.03429807	-0.03419163	-0.02953709	-0.02721412
-0.03087449	-0.03302461	-0.03432256	-0.03421411	-0.0295374	-0.02721052
-0.0308887	-0.03303015	-0.03434663	-0.03423623	-0.02954467	-0.02721841
-0.03090445	-0.03303521	-0.03437224	-0.03425811	-0.02955154	-0.02722267
-0.03091802	-0.03303978	-0.03439744	-0.03427964	-0.02955614	-0.02722483
-0.03093143	-0.03304385	-0.03442211	-0.03430072	-0.02956048	-0.02722877
-0.0309446	-0.03304739	-0.03444637	-0.03432331	-0.02956452	-0.02723261
-0.03095745	-0.0330504	-0.03447034	-0.03434548	-0.02957442	-0.02724256
-0.03096992	-0.03305287	-0.03449392	-0.03436712	-0.02958466	-0.02725107
-0.03098401	-0.03305478	-0.03451904	-0.0343863	-0.02959521	-0.02725784
-0.03099784	-0.03305819	-0.03454377	-0.03440708	-0.02960604	-0.02726469
-0.03101132	-0.03306128	-0.03456616	-0.03443481	-0.02961917	-0.02728198
-0.03102441	-0.03306403	-0.03458817	-0.0344757	-0.02963275	-0.02729435
-0.03103703	-0.03306645	-0.03461174	-0.03451701	-0.02964675	-0.02730518
-0.03105119	-0.03306852	-0.03463494	-0.03455482	-0.02966113	-0.02731629
-0.03106502	-0.03307024	-0.03465764	-0.0345873	-0.02967587	-0.02732558
-0.03107845	-0.0330716	-0.03468182	-0.03459278	-0.02969093	-0.02733484
-0.03108959	-0.0330726	-0.03470552	-0.03460024	-0.02970627	-0.02734404
-0.03110047	-0.03307322	-0.03472681	-0.03460594	-0.02972186	-0.02735317
-0.03111101	-0.03307347	-0.03474974	-0.03461186	-0.02973768	-0.02736219
-0.03112323	-0.03307333	-0.03477236	-0.03461605	-0.02975368	-0.02737108
-0.03113524	-0.0330728	-0.03479456	-0.03462257	-0.02976983	-0.02737981
-0.03114698	-0.0330737	-0.03481624	-0.03462948	-0.02978429	-0.02738836
-0.0311584	-0.03307212	-0.03483752	-0.03463668	-0.02979908	-0.02739878
-0.03116943	-0.03307014	-0.03485856	-0.03464406	-0.02981416	-0.02740714
-0.03118002	-0.03306982	-0.03487924	-0.03465178	-0.02982742	-0.02741317
-0.03119219	-0.03307117	-0.03490153	-0.03465997	-0.02984272	-0.02742073
-0.03120405	-0.03307212	-0.03492349	-0.03466855	-0.02984988	-0.02741966
-0.03121556	-0.03307267	-0.03494503	-0.03467739	-0.02986003	-0.02742137
-0.03122666	-0.03307283	-0.03496604	-0.03468847	-0.02986897	-0.02742399
-0.0312373	-0.0330726	-0.03498849	-0.03469987	-0.02987665	-0.02742774
-0.03124742	-0.033072	-0.03500862	-0.0347115	-0.02988325	-0.02743103
-0.03125906	-0.03307102	-0.03502843	-0.03472324	-0.02989082	-0.02743382
-0.03126852	-0.03306968	-0.03504779	-0.03473708	-0.02989748	-0.02743817
-0.03127782	-0.03306798	-0.03506868	-0.03475111	-0.02990318	-0.02744223
-0.0312869	-0.03306593	-0.03508919	-0.03476524	-0.02991021	-0.02744807
-0.03129573	-0.03306353	-0.0351092	-0.03477936	-0.02991696	-0.02745176
-0.03130424	-0.03306079	-0.03512862	-0.03479338	-0.02992338	-0.02745511
-0.03131238	-0.03305772	-0.03514762	-0.03480931	-0.02992945	-0.02745811
-0.03132218	-0.03305433	-0.03516633	-0.03482521	-0.02993511	-0.0274589
-0.03133176	-0.03305062	-0.03518466	-0.03484102	-0.02994033	-0.02745954
-0.03134108	-0.0330466	-0.03520251	-0.03485664	-0.02994507	-0.02746208
-0.0313501	-0.03304409	-0.03522188	-0.03487223	-0.02995137	-0.02746468
-0.03135877	-0.03304104	-0.03524082	-0.03488798	-0.02995737	-0.02746732
-0.03136704	-0.03303745	-0.03525926	-0.03490379	-0.02996304	-0.02746997
-0.03137486	-0.03303335	-0.03527735	-0.03491957	-0.02996834	-0.02747261
-0.03138428	-0.03302874	-0.03529526	-0.03493525	-0.02997325	-0.02747524
-0.03139342	-0.03302364	-0.03531289	-0.03495281	-0.0299759	-0.02747782
-0.03140223	-0.03301806	-0.03533016	-0.03497035	-0.02997833	-0.02748034
-0.0314107	-0.03301201	-0.03534696	-0.03498779	-0.02998258	-0.02748277
-0.03141877	-0.0330055	-0.03536529	-0.03500506	-0.0299868	-0.02748511
-0.03142641	-0.03300064	-0.03538324	-0.03502207	-0.02999095	-0.02748732
-0.03143358	-0.0329956	-0.03539889	-0.03504081	-0.029995	-0.02748939
-0.03144048	-0.03299042	-0.03541423	-0.03505941	-0.02999891	-0.0274913
-0.03144734	-0.03298511	-0.03543124	-0.03507778	-0.03000266	-0.02749303
-0.03145411	-0.03297969	-0.03544803	-0.03509403	-0.0300062	-0.02749456
-0.03146076	-0.03297419	-0.0354645	-0.03511223	-0.03000951	-0.02749587
-0.03146724	-0.03296861	-0.03548056	-0.03513048	-0.03001463	-0.02749902
-0.03147352	-0.03296299	-0.03549613	-0.03514872	-0.03001972	-0.02750216
-0.03147956	-0.03295733	-0.0355132	-0.03516686	-0.03002474	-0.02750529
-0.03148531	-0.03295166	-0.03552805	-0.03518485	-0.03002966	-0.0275084
-0.03149074	-0.03294784	-0.03554266	-0.03520261	-0.03003447	-0.02751147
-0.03149789	-0.03294379	-0.03555696	-0.03522214	-0.03003913	-0.02751448
-0.0315049	-0.03293955	-0.03557293	-0.03524154	-0.03004362	-0.02751743
-0.03151173	-0.03293515	-0.03558867	-0.03526077	-0.03004791	-0.0275203
-0.03151836	-0.03293061	-0.0356041	-0.03527974	-0.03005198	-0.02752308
-0.03152474	-0.03292596	-0.03561914	-0.0352984	-0.0300558	-0.02752576
-0.03153085	-0.03292122	-0.03563579	-0.03531876	-0.03005935	-0.02752831
-0.03153666	-0.03291642	-0.03565216	-0.03533892	-0.03006467	-0.02753073
-0.03154213	-0.03291159	-0.03566634	-0.03535702	-0.03006992	-0.02753301
-0.03154722	-0.03290675	-0.03568034	-0.03537506	-0.03007508	-0.02753513
-0.031554	-0.03290194	-0.03569408	-0.03539297	-0.03008013	-0.02753708
-0.03156059	-0.03289717	-0.03570747	-0.03541069	-0.03008506	-0.02753885
-0.03156697	-0.03289429	-0.03572252	-0.03543023	-0.03008984	-0.02754041
-0.03157313	-0.03289127	-0.03573734	-0.03544971	-0.03009445	-0.02754177
-0.03157903	-0.03288813	-0.03575001	-0.03546907	-0.03009887	-0.02754291
-0.03158465	-0.03288284	-0.03576255	-0.03548825	-0.03010308	-0.02754588
-0.03158996	-0.03287723	-0.03577487	-0.03550719	-0.03010525	-0.02754887
-0.03159494	-0.03287134	-0.03578897	-0.03552583	-0.03010924	-0.02755186
-0.03159955	-0.0328652	-0.03580296	-0.03554618	-0.03011113	-0.02755484
-0.03160378	-0.03285882	-0.03581676	-0.03556639	-0.03011297	-0.02755782
-0.03160966	-0.03285224	-0.03583029	-0.03558638	-0.03011682	-0.02756078
-0.03161537	-0.03284549	-0.0358435	-0.0356061	-0.03012083	-0.02756371
-0.03162088	-0.03283858	-0.03585838	-0.03562551	-0.03012499	-0.02756662
-0.03162617	-0.03283337	-0.03587305	-0.03564456	-0.03012926	-0.02756949
-0.03163121	-0.03282782	-0.03588743	-0.03566136	-0.03013364	-0.02757232
-0.031636	-0.03282195	-0.03590146	-0.035680	-0.03013809	-0.02757509
-0.03164051	-0.03281581	-0.03591508	-0.03569863	-0.03014262	-0.02757782
-0.03164471	-0.03280942	-0.03592482	-0.03570886	-0.03014718	-0.02758048
-0.03164861	-0.03280281	-0.03594049	-0.0357013	-0.03015176	-0.02758307
-0.03165216	-0.03279603	-0.03595397	-0.03568833	-0.030160	-0.02759106
-0.03165535	-0.03278909	-0.0359691	-0.03567164	-0.03016591	-0.0275964
-0.03165816	-0.03278204	-0.03598191	-0.03565318	-0.03017337	-0.02760118
-0.03166058	-0.03277491	-0.03599442	-0.03565799	-0.0301803	-0.02760358
-0.03166283	-0.03276773	-0.03600474	-0.03566232	-0.03018487	-0.02760568
-0.03166698	-0.03276053	-0.03601877	-0.03566818	-0.03018914	-0.02760747
-0.0316691	-0.03275518	-0.03603256	-0.03567372	-0.03019311	-0.02760897
-0.03167126	-0.03274962	-0.03604604	-0.03568098	-0.03019675	-0.02761016
-0.03167344	-0.03274391	-0.03605915	-0.0356881	-0.03020006	-0.02761104
-0.03167561	-0.032736	-0.03607002	-0.03569505	-0.0302051	-0.02761163
-0.03167776	-0.03272984	-0.03608273	-0.03570178	-0.03021003	-0.02761191
-0.03167987	-0.03272362	-0.03609539	-0.03570828	-0.03021486	-0.02761189
-0.03168191	-0.0327174	-0.03610795	-0.03571658	-0.03021957	-0.02761157
-0.03168388	-0.03270914	-0.03612036	-0.03572484	-0.03022416	-0.02761095
-0.03168574	-0.03270068	-0.03613254	-0.03573302	-0.0302268	-0.02761002
-0.03168748	-0.0326939	-0.03614444	-0.03574111	-0.03022929	-0.02760879
-0.03168907	-0.03268675	-0.036156	-0.03574906	-0.03022748	-0.02760518
-0.03169051	-0.03267927	-0.03616717	-0.03575688	-0.03022731	-0.02760308
-0.03169177	-0.0326715	-0.03617995	-0.0357645	-0.03022694	-0.02759886
-0.03169282	-0.03266348	-0.03619248	-0.03577193	-0.03022634	-0.02759639
-0.03169574	-0.03265525	-0.0362047	-0.0357773	-0.03022551	-0.02759361
-0.03169867	-0.03264685	-0.03621656	-0.03578267	-0.03022442	-0.02759051
-0.03170161	-0.03263832	-0.03622618	-0.03578799	-0.03022513	-0.0275871
-0.03170454	-0.0326297	-0.03623559	-0.03579323	-0.03022579	-0.02758337
-0.03170745	-0.03262284	-0.03624471	-0.03579837	-0.03022641	-0.02757933
-0.03171033	-0.03261573	-0.03625557	-0.03580336	-0.03022696	-0.02757497
-0.03171317	-0.03260841	-0.03626629	-0.03580818	-0.03022743	-0.02757237
-0.03171594	-0.03260091	-0.03627682	-0.03581279	-0.03022781	-0.02756972
-0.03172047	-0.0325933	-0.03628711	-0.03581717	-0.03022808	-0.02756701
-0.03172284	-0.03258353	-0.0362971	-0.03582335	-0.03022823	-0.02756427
-0.03172512	-0.03257347	-0.03630674	-0.03582948	-0.03022826	-0.02756149
-0.03172912	-0.03256317	-0.03631598	-0.03583553	-0.03022813	-0.02755868
-0.03173275	-0.03255265	-0.03632685	-0.0358415	-0.03022786	-0.02755584
-0.03173601	-0.03254196	-0.03633747	-0.03584733	-0.0302274	-0.02755299
-0.0317389	-0.03253296	-0.0363478	-0.03585302	-0.03022885	-0.02755013
-0.0317414	-0.03252363	-0.03635778	-0.03585852	-0.03023035	-0.02754727
-0.0317435	-0.032514	-0.03636739	-0.03586383	-0.03023192	-0.02754441
-0.03174521	-0.03250413	-0.03637656	-0.0358689	-0.03023353	-0.02754156
-0.03174652	-0.03249406	-0.03638526	-0.03587372	-0.03023518	-0.02753872
-0.03174741	-0.03248383	-0.03639368	-0.03587825	-0.03023322	-0.02753044
-0.03174996	-0.03247349	-0.03640205	-0.03588248	-0.03023361	-0.02752657
-0.03175236	-0.03246309	-0.03641031	-0.03588637	-0.03023425	-0.02752479
-0.03175458	-0.0324545	-0.0364184	-0.03589197	-0.03023514	-0.02752303
-0.03175664	-0.03244569	-0.03642631	-0.03589745	-0.03023626	-0.02752129
-0.03175854	-0.03243672	-0.03643396	-0.03590278	-0.03023759	-0.02751958
-0.03176027	-0.03242764	-0.03644132	-0.03590794	-0.03023913	-0.02751791
-0.03176184	-0.03241849	-0.03644835	-0.03591292	-0.03024269	-0.0275181
-0.03176324	-0.03240934	-0.03645706	-0.03591768	-0.03024617	-0.0275181
-0.03176449	-0.03239816	-0.03646561	-0.03592222	-0.03024958	-0.02751791
-0.03176556	-0.03238682	-0.03647394	-0.03592652	-0.03025291	-0.02751755
-0.03176647	-0.03237536	-0.03648203	-0.03593054	-0.03025432	-0.02751339
-0.03176722	-0.03236565	-0.03648982	-0.03593428	-0.03025771	-0.02751322
-0.0317678	-0.03235569	-0.03649729	-0.03593772	-0.03026099	-0.0275129
-0.03176822	-0.03234549	-0.03650439	-0.03594083	-0.03026416	-0.02751246
-0.03176847	-0.03233514	-0.03651108	-0.0359436	-0.03026903	-0.0275119
-0.03176856	-0.03232468	-0.03651732	-0.035946	-0.03027352	-0.02751123
-0.03176848	-0.03231415	-0.03652516	-0.03595009	-0.03027582	-0.02751047
-0.03176824	-0.03230362	-0.03653272	-0.03595404	-0.03027981	-0.02750963
-0.03176784	-0.03229313	-0.03653999	-0.03595783	-0.03028342	-0.02750873
-0.03176727	-0.03228275	-0.03654693	-0.03596145	-0.03028665	-0.02750777
-0.03176654	-0.03227226	-0.0365535	-0.03596489	-0.0302895	-0.02750678
-0.03176564	-0.03226147	-0.03655968	-0.03596995	-0.03029196	-0.02750758
-0.03176458	-0.03225043	-0.0365675	-0.03597456	-0.03029405	-0.02750812
-0.03176335	-0.03223919	-0.03657512	-0.0359787	-0.03029575	-0.02750842
-0.03176196	-0.03222781	-0.03658251	-0.03598237	-0.03029915	-0.02750851
-0.03176041	-0.03221633	-0.03658964	-0.03598557	-0.03030035	-0.02750839
-0.03175869	-0.03220482	-0.03659466	-0.03598828	-0.03030325	-0.02750809
-0.0317568	-0.03219332	-0.03660145	-0.0359905	-0.03030604	-0.02750763
-0.03175475	-0.03218371	-0.03660607	-0.03599223	-0.03030872	-0.02750703
-0.03175254	-0.03217397	-0.03661056	-0.03599345	-0.0303113	-0.0275063
-0.03175016	-0.03216416	-0.03661491	-0.03599417	-0.03031378	-0.02750548
-0.03174762	-0.03215227	-0.03661906	-0.03599436	-0.03031617	-0.02750457
-0.03174492	-0.03214016	-0.036623	-0.03599611	-0.03031848	-0.0275036
-0.03174204	-0.0321279	-0.03662668	-0.0359976	-0.03032072	-0.02750259
-0.03173901	-0.03211553	-0.03663008	-0.03599881	-0.03032289	-0.02750155
-0.03173581	-0.03210493	-0.03663939	-0.03599975	-0.03032499	-0.02750051
-0.03173245	-0.03209409	-0.03664289	-0.03600043	-0.03032704	-0.02749949
-0.03172892	-0.03208306	-0.03664811	-0.03600083	-0.03032488	-0.02749227
-0.03172705	-0.0320719	-0.03665111	-0.03600097	-0.03032424	-0.02748823
-0.03172477	-0.03206067	-0.03665577	-0.03600083	-0.03032121	-0.02748348
-0.03172209	-0.03204943	-0.03666023	-0.03600043	-0.03031944	-0.02748011
-0.03172109	-0.03203825	-0.03666654	-0.03599975	-0.03031893	-0.02747631
-0.03171788	-0.03202716	-0.03667079	-0.03599881	-0.03031785	-0.02747212
-0.03171637	-0.032016	-0.03667476	-0.0359976	-0.03031621	-0.02746753
-0.03171474	-0.03200455	-0.03667844	-0.03599611	-0.03031403	-0.02746259
-0.03171302	-0.03199289	-0.03668179	-0.03599436	-0.0303113	-0.02745729
-0.03171121	-0.03198106	-0.03668688	-0.03599234	-0.03030804	-0.02745167
-0.03170933	-0.03196913	-0.03669185	-0.03599005	-0.03030425	-0.02744575
-0.03170739	-0.03195716	-0.03669669	-0.03598749	-0.03029994	-0.02743954
-0.0317054	-0.03194521	-0.03670137	-0.03598465	-0.03029511	-0.02743306
-0.03170338	-0.03193333	-0.03670588	-0.03598156	-0.03028977	-0.02742634
-0.03170135	-0.03192341	-0.03671019	-0.03597819	-0.030286	-0.02741939
-0.0316993	-0.03191136	-0.03671429	-0.03597455	-0.03027993	-0.02741405
-0.03169726	-0.03189907	-0.03671816	-0.03597246	-0.03027544	-0.02740829
-0.03169524	-0.03188658	-0.03672177	-0.03596986	-0.03027074	-0.02740211
-0.03169326	-0.03187397	-0.03672511	-0.03596675	-0.03026583	-0.02739763
-0.03169132	-0.03186129	-0.03672816	-0.03596314	-0.03026074	-0.02739098
-0.03168944	-0.0318486	-0.0367309	-0.03596111	-0.03025546	-0.02738401
-0.03168763	-0.03183778	-0.0367333	-0.03595884	-0.03025002	-0.02737674
-0.0316859	-0.03182682	-0.03673743	-0.03595636	-0.03024444	-0.0273692
-0.03168428	-0.03181579	-0.03674145	-0.03595368	-0.03023871	-0.02736142
-0.03168277	-0.03180268	-0.03674534	-0.03595081	-0.03023286	-0.02735342
-0.03168138	-0.03178937	-0.0367491	-0.03594776	-0.03022872	-0.02734523
-0.03168013	-0.03177592	-0.0367527	-0.03594454	-0.03022423	-0.02733687
-0.03168086	-0.03176421	-0.03675614	-0.03594117	-0.03021942	-0.02732838
-0.03167943	-0.03175223	-0.0367594	-0.03593767	-0.03021431	-0.02731978
-0.03167975	-0.03174004	-0.03676247	-0.03593404	-0.0302089	-0.02731291
-0.03168002	-0.03172772	-0.03676534	-0.0359303	-0.03020323	-0.02730574
-0.03167819	-0.03171532	-0.03676799	-0.03592646	-0.03019732	-0.0272983
-0.03167608	-0.03170292	-0.03677041	-0.03592253	-0.03019118	-0.02729061
-0.03167372	-0.0316924	-0.03677258	-0.03591853	-0.03018483	-0.02728272
-0.03167112	-0.03167969	-0.0367745	-0.0359163	-0.03017829	-0.02727466
-0.03166828	-0.03166666	-0.03677615	-0.03591378	-0.03017159	-0.02726645
-0.03166523	-0.03165339	-0.03677752	-0.03591098	-0.03016474	-0.02725814
-0.03166198	-0.03163994	-0.03677859	-0.03590793	-0.03015776	-0.02724975
-0.03165853	-0.03162638	-0.03677936	-0.03590464	-0.03015067	-0.02724131
-0.03165491	-0.03161278	-0.03678187	-0.03590114	-0.03014765	-0.0272391
-0.03165112	-0.03159919	-0.03678614	-0.03589745	-0.03014482	-0.02723537
-0.03164718	-0.03158752	-0.03679008	-0.03589359	-0.03014198	-0.02722964
-0.0316431	-0.03157367	-0.03679369	-0.03588957	-0.03013914	-0.02722378
-0.0316389	-0.03156136	-0.03679697	-0.03588541	-0.03013634	-0.02721785
-0.03163459	-0.03154677	-0.03679992	-0.03588114	-0.03013363	-0.02721186
-0.03163018	-0.03153203	-0.03680255	-0.03587677	-0.03013101	-0.02720587
-0.03162568	-0.03151721	-0.03680484	-0.03587233	-0.03012647	-0.02719784
-0.03162293	-0.0315042	-0.03680681	-0.03586783	-0.03012184	-0.02718961
-0.03161988	-0.031491	-0.03680845	-0.0358633	-0.03011714	-0.02718124
-0.03161655	-0.03147768	-0.03680975	-0.03585875	-0.03011242	-0.02717456
-0.03161294	-0.03146431	-0.03681073	-0.0358542	-0.03010977	-0.02717171
-0.03160909	-0.03144888	-0.03681139	-0.03584968	-0.03010531	-0.02716492
-0.03160501	-0.03143329	-0.03681171	-0.03584702	-0.03010091	-0.02715789
-0.03160073	-0.03141943	-0.0368117	-0.03584418	-0.03009659	-0.02715066
-0.03159626	-0.03140528	-0.03681137	-0.03584118	-0.03009213	-0.02714326
-0.03159162	-0.03139093	-0.0368107	-0.03583805	-0.03008728	-0.02713574
-0.03158683	-0.03137644	-0.03680971	-0.03583482	-0.03008417	-0.02712813
-0.03158192	-0.03136189	-0.03680839	-0.0358315	-0.03007892	-0.02712048
-0.03157689	-0.03134736	-0.03680674	-0.03582814	-0.03007337	-0.02711464
-0.03157178	-0.0313329	-0.03680476	-0.03582474	-0.03006757	-0.02710859
-0.0315666	-0.03131834	-0.03680245	-0.03582135	-0.03006152	-0.02710237
-0.03156137	-0.03130351	-0.03680164	-0.0358159	-0.03005527	-0.02709396
-0.03155611	-0.03128847	-0.03680025	-0.03581025	-0.03004883	-0.02708521
-0.03155266	-0.03127329	-0.0367983	-0.03580441	-0.03004224	-0.02707616
-0.03154898	-0.03125805	-0.03679578	-0.0357984	-0.03003551	-0.02706685
-0.03154509	-0.03124282	-0.0367927	-0.03579225	-0.03002868	-0.02705733
-0.03154101	-0.0312295	-0.03679116	-0.03578597	-0.03002177	-0.02704763
-0.03153677	-0.03121609	-0.03678725	-0.03577958	-0.03001663	-0.02703779
-0.03153241	-0.03120058	-0.03678489	-0.03577492	-0.03001121	-0.02702968
-0.03152794	-0.03118488	-0.03678227	-0.03576995	-0.03000556	-0.02702127
-0.03152339	-0.03116906	-0.0367794	-0.03576469	-0.0299997	-0.02701259
-0.03151878	-0.03115501	-0.03677629	-0.03575917	-0.02999367	-0.0270037
-0.03151415	-0.03114074	-0.03677296	-0.0357534	-0.0299875	-0.02699464
-0.03150953	-0.03112633	-0.03676942	-0.03574744	-0.02998121	-0.02698546
-0.03150492	-0.03111185	-0.03676568	-0.03574128	-0.02997485	-0.02697621
-0.03150037	-0.03109531	-0.03676176	-0.03573497	-0.02996845	-0.02696692
-0.0314959	-0.03107859	-0.03675767	-0.03572852	-0.02996204	-0.02695765
-0.03149153	-0.03106179	-0.03675342	-0.03572197	-0.02995565	-0.02695027
-0.03148705	-0.03104678	-0.03675085	-0.03571535	-0.02994932	-0.02694067
-0.03148221	-0.03103158	-0.0367479	-0.03570866	-0.0299449	-0.02693073
-0.03147705	-0.03101626	-0.03674459	-0.03570196	-0.02993828	-0.02692049
-0.0314716	-0.03100089	-0.03674094	-0.03569525	-0.02993131	-0.026910
-0.03146587	-0.03098557	-0.03673698	-0.03569039	-0.02992404	-0.02689929
-0.03145991	-0.03096829	-0.03673272	-0.03568534	-0.02991648	-0.02688843
-0.03145372	-0.03095095	-0.03672817	-0.03568013	-0.02990867	-0.02687745
-0.03144734	-0.03093544	-0.03672337	-0.03567479	-0.02990065	-0.02686823
-0.03144081	-0.03091977	-0.03671832	-0.03566936	-0.02989245	-0.02685874
-0.03143413	-0.03090036	-0.03671306	-0.03566386	-0.0298841	-0.02684903
-0.03142734	-0.03088509	-0.0367076	-0.03565833	-0.02987564	-0.02683916
-0.03142046	-0.03086987	-0.03670195	-0.03565281	-0.02986892	-0.02682917
-0.03141353	-0.0308548	-0.03669797	-0.03564732	-0.0298619	-0.02681913
-0.03140656	-0.03083786	-0.0366936	-0.03564191	-0.02985463	-0.02680907
-0.03139959	-0.03082279	-0.03668887	-0.03563659	-0.02984714	-0.02679699
-0.03139446	-0.03080758	-0.0366838	-0.03562933	-0.02983948	-0.02678657
-0.03138913	-0.0307923	-0.03667843	-0.03562198	-0.02983167	-0.02677579
-0.03138363	-0.03077705	-0.03667277	-0.03561638	-0.02982377	-0.0267647
-0.031378	-0.0307619	-0.03666685	-0.0356105	-0.0298158	-0.02675336
-0.03137227	-0.03074875	-0.03666071	-0.03560437	-0.02980782	-0.02674181
-0.03136646	-0.03073353	-0.03665436	-0.03559802	-0.02979986	-0.0267301
-0.03136063	-0.03071814	-0.03664783	-0.03559148	-0.02979378	-0.0267183
-0.03135478	-0.03070267	-0.03664115	-0.03558479	-0.02978755	-0.02670646
-0.03134897	-0.0306872	-0.03663435	-0.03557797	-0.02978122	-0.02669644
-0.03134322	-0.03067179	-0.03662927	-0.03557107	-0.02977276	-0.02668624
-0.03133756	-0.03065837	-0.03662388	-0.03556411	-0.02976403	-0.02667591
-0.03132996	-0.03064285	-0.0366182	-0.03555713	-0.02975506	-0.02666551
-0.03132226	-0.03062713	-0.03661227	-0.03555015	-0.02974591	-0.0266551
-0.03131448	-0.03061131	-0.03660611	-0.03554322	-0.02973661	-0.02664266
-0.03130848	-0.03059545	-0.03659977	-0.03553819	-0.02972719	-0.02663007
-0.03130222	-0.03057964	-0.03659327	-0.03553302	-0.02971952	-0.02661739
-0.03129572	-0.03056578	-0.03658665	-0.03552776	-0.02971158	-0.02660648
-0.03128903	-0.03054979	-0.03657994	-0.03552243	-0.0297034	-0.02659533
-0.03128216	-0.0305336	-0.036575	-0.035515	-0.02969504	-0.026584
-0.03127516	-0.03051726	-0.0365698	-0.03550734	-0.02968653	-0.02657255
-0.03126806	-0.03050086	-0.03656436	-0.03549947	-0.02967793	-0.02656103
-0.03126089	-0.03048631	-0.03655873	-0.03549142	-0.02967476	-0.02655681
-0.03125368	-0.03047161	-0.03655295	-0.03548323	-0.02966719	-0.02654437
-0.03124647	-0.03045685	-0.03654706	-0.03547494	-0.02965944	-0.02653206
-0.03123929	-0.03044211	-0.03653902	-0.03546657	-0.02964947	-0.0265197
-0.03123217	-0.0304254	-0.03653068	-0.03545998	-0.02963917	-0.02650527
-0.03122697	-0.03040863	-0.03652209	-0.03545313	-0.02963588	-0.02650367
-0.03122166	-0.03039161	-0.03651509	-0.03544607	-0.02962953	-0.02649316
-0.03121626	-0.03037626	-0.03650766	-0.03543883	-0.02962043	-0.0264803
-0.03121083	-0.03036083	-0.03649982	-0.03543146	-0.02961257	-0.02646904
-0.03120539	-0.03034542	-0.03649162	-0.03542398	-0.02960391	-0.02645558
-0.03119792	-0.03032802	-0.03648309	-0.03541644	-0.02959453	-0.02644204
-0.03119027	-0.03031054	-0.03647429	-0.03540889	-0.02958267	-0.02642849
-0.03118246	-0.03029306	-0.03646524	-0.03540135	-0.02957046	-0.02641293
-0.03117455	-0.03027749	-0.03645599	-0.0353957	-0.02955797	-0.02639723
-0.03116655	-0.03026182	-0.0364484	-0.0353899	-0.02954524	-0.02637963
-0.0311585	-0.03024616	-0.03644044	-0.03538192	-0.02953236	-0.02636408
-0.03115043	-0.03022849	-0.03643215	-0.03537362	-0.02951936	-0.02634857
-0.03114238	-0.03021074	-0.03642358	-0.03536505	-0.02950423	-0.02633316
-0.03113621	-0.0301948	-0.03641478	-0.03535625	-0.02948521	-0.02631425
-0.03112987	-0.03017867	-0.03640579	-0.03534724	-0.02946284	-0.0262924
-0.03112341	-0.03016245	-0.03639666	-0.03533808	-0.02944129	-0.02627362
-0.03111686	-0.03014622	-0.03638925	-0.03532879	-0.02942059	-0.02625562
-0.03111026	-0.03013007	-0.03638156	-0.03531944	-0.02940078	-0.02624001
-0.03110366	-0.03011383	-0.03637362	-0.03531186	-0.0293837	-0.02622841
-0.03109709	-0.03009732	-0.03636341	-0.03530404	-0.02936731	-0.02621489
-0.03109059	-0.03008064	-0.0363528	-0.03529602	-0.02935163	-0.02620159
-0.03108213	-0.03006387	-0.03634185	-0.03528784	-0.02933854	-0.02619039
-0.03107356	-0.0300471	-0.03633058	-0.03527955	-0.02932598	-0.02617743
-0.03106674	-0.03003041	-0.03632088	-0.03527121	-0.02931218	-0.02616303
-0.03105963	-0.03001364	-0.03631072	-0.03526284	-0.02929742	-0.02615114
-0.03105226	-0.02999661	-0.03630016	-0.03525451	-0.02928354	-0.02613973
-0.03104469	-0.02997942	-0.03628923	-0.03524417	-0.02926851	-0.02612495
-0.03103695	-0.02996214	-0.03627801	-0.0352337	-0.02925442	-0.02611256
-0.03102908	-0.02994486	-0.03626653	-0.03522494	-0.02923216	-0.02608595
-0.03102111	-0.0299256	-0.03625486	-0.03521589	-0.02921393	-0.02606901
-0.03101309	-0.02990807	-0.03624487	-0.03520658	-0.02919947	-0.02605894
-0.03100506	-0.0298903	-0.03623454	-0.03519705	-0.02918854	-0.02604954
-0.03099705	-0.02987235	-0.03622393	-0.03518735	-0.02918453	-0.02604997
-0.03098911	-0.02985433	-0.0362131	-0.03517753	-0.02918854	-0.0260554
-0.03098128	-0.0298363	-0.03620211	-0.03516764	-0.02919048	-0.0260542
-0.03097541	-0.02981837	-0.03619101	-0.03515772	-0.02919613	-0.02605243
-0.03096741	-0.02980035	-0.0361778	-0.03514781	-0.02920138	-0.0260499
-0.03095912	-0.02978209	-0.03616617	-0.03513979	-0.0292024	-0.02604304
-0.0309506	-0.02976367	-0.0361541	-0.03513164	-0.02920131	-0.02603425
-0.03094189	-0.02974517	-0.03614165	-0.03512339	-0.02920205	-0.02602747
-0.03093301	-0.02972668	-0.03612888	-0.03511304	-0.02920259	-0.02602251
-0.03092402	-0.02970829	-0.03611586	-0.03510245	-0.02920297	-0.02601554
-0.03091495	-0.02969191	-0.03610263	-0.03509166	-0.02920507	-0.02601234
-0.03090584	-0.02967346	-0.03609109	-0.03508072	-0.02920687	-0.02600492
-0.03089673	-0.02965487	-0.03607921	-0.03507151	-0.02920475	-0.0259936
-0.03088766	-0.02964037	-0.03606708	-0.035062	-0.02920475	-0.0259844
-0.03088049	-0.02962226	-0.03607117	-0.03505223	-0.02920666	-0.02597713
-0.03087319	-0.02960609	-0.03608021	-0.03504227	-0.02920637	-0.02597159
-0.03086582	-0.02958988	-0.03608031	-0.03503216	-0.02921123	-0.02596941
-0.0308584	-0.02957191	-0.03607575	-0.03502196	-0.02920777	-0.02595558
-0.030851	-0.02955407	-0.0360724	-0.03501172	-0.02920252	-0.02594259
-0.03084157	-0.0295362	-0.03606623	-0.0350015	-0.02917569	-0.02589739
-0.03083199	-0.02951838	-0.0360519	-0.03499134	-0.02915217	-0.02587347
-0.03082229	-0.02950254	-0.03614344	-0.03498105	-0.02913192	-0.02585942
-0.0308125	-0.02948667	-0.03619137	-0.03497042	-0.02911671	-0.02585057
-0.03080268	-0.0294688	-0.0362072	-0.0349595	-0.02910808	-0.02584461
-0.03079286	-0.02945083	-0.03620317	-0.03494836	-0.02910366	-0.02584132
-0.03078308	-0.02943103	-0.03618476	-0.03493704	-0.02910111	-0.02584047
-0.03077338	-0.02940972	-0.03615506	-0.0349256	-0.02910381	-0.02584186
-0.03076562	-0.02939271	-0.03611691	-0.03491408	-0.02910941	-0.0258432
-0.03075777	-0.02937958	-0.03606898	-0.03490254	-0.02911767	-0.02584427
-0.03074988	-0.02936601	-0.0360138	-0.03489286	-0.02912833	-0.02584696
-0.03074199	-0.02935186	-0.03595211	-0.03488302	-0.02914116	-0.02584923
-0.03073415	-0.02933721	-0.03588641	-0.03487308	-0.02915592	-0.02585296
-0.03072641	-0.02932036	-0.03581714	-0.0348631	-0.02917056	-0.02585614
-0.03071673	-0.02930527	-0.03574473	-0.03485105	-0.02918694	-0.02586065
-0.03070881	-0.02928999	-0.03566962	-0.03483882	-0.02920275	-0.02586447
-0.0307006	-0.02927253	-0.03559221	-0.03482645	-0.02921778	-0.0258656
-0.03069216	-0.02925481	-0.03551291	-0.03481584	-0.02923388	-0.02586774
-0.03068353	-0.02923691	-0.03543006	-0.03480495	-0.02924901	-0.02586888
-0.03067476	-0.02921893	-0.03534769	-0.03479385	-0.02926503	-0.02586909
-0.0306659	-0.02920097	-0.03526411	-0.03478259	-0.02927993	-0.02586843
-0.03065699	-0.02918286	-0.03517972	-0.03477123	-0.02928932	-0.02585866
-0.03064807	-0.02916445	-0.03509671	-0.03475985	-0.02930081	-0.02585724
-0.03063919	-0.02914581	-0.03501339	-0.03474848	-0.0293126	-0.02585488
-0.03063041	-0.02912705	-0.03493194	-0.0347372	-0.02932268	-0.02584958
-0.03062176	-0.02910826	-0.03485067	-0.0347258	-0.02933109	-0.02584529
-0.03061304	-0.02909135	-0.03477177	-0.0347141	-0.02933141	-0.02582572
-0.03060404	-0.02907226	-0.03469326	-0.03470215	-0.02933096	-0.02581382
-0.0305948	-0.02905292	-0.03461708	-0.03469002	-0.02933003	-0.02580232
-0.03058538	-0.0290316	-0.03454151	-0.03467775	-0.02932478	-0.02578742
-0.03057581	-0.02901409	-0.03446872	-0.03466542	-0.02931889	-0.02577305
-0.03056615	-0.02899635	-0.03439882	-0.03465308	-0.02931032	-0.02575746
-0.03055644	-0.02897848	-0.0343319	-0.03464261	-0.0293012	-0.02574073
-0.03054673	-0.02896057	-0.03426806	-0.034632	-0.02928976	-0.02572291
-0.03053706	-0.02894065	-0.03420558	-0.03461924	-0.02927788	-0.02570407
-0.03052931	-0.02892062	-0.03414454	-0.03460622	-0.02926353	-0.02568818
-0.03052144	-0.0289006	-0.03408685	-0.03459299	-0.02924679	-0.02566933
-0.03051351	-0.02888248	-0.03403261	-0.03457961	-0.02922769	-0.02564944
-0.03050558	-0.02886429	-0.0339819	-0.03456615	-0.02920632	-0.02562856
-0.03049561	-0.02884405	-0.0339348	-0.03455447	-0.02918869	-0.02561092
-0.03048549	-0.02882368	-0.0338914	-0.03454258	-0.02917333	-0.02559712
-0.03047524	-0.02880327	-0.03385179	-0.03453054	-0.02915668	-0.02558153
-0.03046493	-0.02878474	-0.03381397	-0.03451842	-0.02913882	-0.02556399
-0.0304546	-0.02876611	-0.03377984	-0.03450627	-0.02911985	-0.02554615
-0.03044429	-0.0287454	-0.03374948	-0.0344921	-0.02909778	-0.02552369
-0.03043405	-0.02872452	-0.03372298	-0.0344796	-0.02907635	-0.02550241
-0.03042574	-0.02870357	-0.03370224	-0.03446676	-0.02905357	-0.02548056
-0.03041736	-0.02868447	-0.03368526	-0.03445365	-0.02902746	-0.02545615
-0.03040894	-0.02866522	-0.03367213	-0.03444035	-0.02899992	-0.02543316
-0.03039846	-0.02864595	-0.03366086	-0.0344269	-0.02897313	-0.0254119
-0.03038779	-0.02862466	-0.03365335	-0.03441338	-0.02894742	-0.02538857
-0.03037699	-0.02860327	-0.03364968	-0.03439985	-0.02891898	-0.02536507
-0.03036608	-0.02858187	-0.03364993	-0.03438821	-0.02889183	-0.02534538
-0.03035513	-0.02856238	-0.03365418	-0.03437645	-0.02886605	-0.02532361
-0.03034418	-0.02854282	-0.03366251	-0.03436256	-0.02885006	-0.02531829
-0.03033509	-0.0285233	-0.03367499	-0.03434843	-0.0288328	-0.02530666
-0.03032584	-0.02850182	-0.03369145	-0.03433413	-0.02881414	-0.0252899
-0.03031649	-0.02848031	-0.03371172	-0.03431973	-0.02879397	-0.02527356
-0.03030709	-0.02846069	-0.03373588	-0.03430528	-0.02876798	-0.02524735
-0.03029769	-0.02844097	-0.03376399	-0.03429269	-0.02873343	-0.02521421
-0.03028834	-0.02842125	-0.03379616	-0.03427994	-0.02869979	-0.02518591
-0.03027701	-0.02840163	-0.03383245	-0.03426711	-0.02866114	-0.02515676
-0.03026559	-0.02838014	-0.03387476	-0.03425427	-0.02862303	-0.02512658
-0.03025411	-0.02836051	-0.03391903	-0.03423942	-0.02858552	-0.02509958
-0.03024261	-0.02834077	-0.03396716	-0.03422444	-0.02854896	-0.02507425
-0.03023299	-0.02832101	-0.03401924	-0.03421123	-0.02850952	-0.02504679
-0.03022319	-0.02830133	-0.03407532	-0.03419777	-0.0284691	-0.025017
-0.03021328	-0.02828183	-0.03413551	-0.03418415	-0.0284278	-0.02498885
-0.03020332	-0.02826236	-0.03420169	-0.03417043	-0.02838359	-0.02495644
-0.03019335	-0.02824277	-0.03426981	-0.03415669	-0.0283384	-0.02492555
-0.03018342	-0.02822314	-0.03434175	-0.03414092	-0.02829826	-0.0249004
-0.03017359	-0.02820358	-0.03441761	-0.03412684	-0.02825546	-0.02487328
-0.03016184	-0.02818419	-0.03447877	-0.03411244	-0.02820983	-0.02484401
-0.03015003	-0.02816481	-0.03453334	-0.03409779	-0.02816329	-0.02481241
-0.03014003	-0.02814529	-0.0345946	-0.03408297	-0.02810967	-0.02477621
-0.03012983	-0.0281278	-0.03465892	-0.03406805	-0.02806282	-0.02475158
-0.03011946	-0.02810856	-0.03472035	-0.0340531	-0.02801761	-0.02472767
-0.030109	-0.02808947	-0.03478252	-0.03403819	-0.02799723	-0.0247399
-0.03009847	-0.02807247	-0.03485169	-0.03402522	-0.02797996	-0.02474056
-0.03008795	-0.0280535	-0.03480163	-0.03401011	-0.02796598	-0.02473585
-0.03007749	-0.02803266	-0.03476873	-0.03399476	-0.02795337	-0.02472903
-0.03006712	-0.02801396	-0.03474824	-0.03397925	-0.02794179	-0.02472179
-0.03005692	-0.0279954	-0.03473236	-0.03396363	-0.02793089	-0.02471397
-0.03004875	-0.02798099	-0.0347183	-0.033948	-0.02792058	-0.02470543
-0.03004059	-0.02796901	-0.03470489	-0.03393424	-0.02790866	-0.024696
-0.03003044	-0.02795361	-0.03469253	-0.03392036	-0.02789684	-0.02468551
-0.03002016	-0.02793438	-0.03467957	-0.03390643	-0.02788499	-0.02467588
-0.0300098	-0.02791299	-0.03466646	-0.03389045	-0.02787297	-0.02466692
-0.02999943	-0.02789317	-0.03465364	-0.03387433	-0.02786066	-0.02465845
-0.02998909	-0.02787294	-0.03464133	-0.03385812	-0.02784788	-0.02464849
-0.02997883	-0.02785446	-0.03462768	-0.03384375	-0.02783658	-0.02463893
-0.02996872	-0.02783394	-0.03461292	-0.03382919	-0.02782659	-0.02462775
-0.02995854	-0.02781328	-0.03459729	-0.03381454	-0.02781568	-0.02461686
-0.02994627	-0.02779076	-0.03458104	-0.03379986	-0.02780578	-0.02460632
-0.02993587	-0.02777218	-0.03456625	-0.03378317	-0.02779489	-0.02459412
-0.02992529	-0.0277535	-0.0345511	-0.03376636	-0.02778492	-0.02458214
-0.02991461	-0.02773481	-0.0345338	-0.03375132	-0.02777388	-0.02457225
-0.02990387	-0.02771621	-0.03451643	-0.03373606	-0.02776368	-0.02456247
-0.02989312	-0.02769572	-0.0345011	-0.03372065	-0.02775231	-0.02455284
-0.02988242	-0.02767707	-0.03448395	-0.03370518	-0.02774168	-0.02454135
-0.02987182	-0.02765648	-0.03446709	-0.03368972	-0.02772977	-0.0245299
-0.02986319	-0.02763793	-0.03444876	-0.03367618	-0.02772031	-0.02451853
-0.02985452	-0.02761944	-0.03443106	-0.03366048	-0.02771128	-0.02450731
-0.02984379	-0.02759903	-0.03441406	-0.03364454	-0.02770069	-0.0244963
-0.02983287	-0.02757862	-0.03439574	-0.03362842	-0.02769042	-0.0244853
-0.02982182	-0.02756013	-0.03437614	-0.03361221	-0.02768054	-0.0244723
-0.0298107	-0.02754365	-0.03435742	-0.03359599	-0.02767111	-0.02446125
-0.02979955	-0.02752332	-0.03433964	-0.03358166	-0.02766012	-0.02445012
-0.02978842	-0.02750287	-0.03432079	-0.03356722	-0.02764946	-0.02443899
-0.02977737	-0.02748238	-0.03430094	-0.03355069	-0.027641	-0.02442973
-0.02976828	-0.02746379	-0.03428017	-0.03353397	-0.02763092	-0.02441851
-0.02975913	-0.02744512	-0.03426062	-0.03351715	-0.02761927	-0.02440746
-0.02974789	-0.02742645	-0.03424238	-0.03350028	-0.02760976	-0.02439457
-0.02973646	-0.02740789	-0.03422345	-0.03348529	-0.02760036	-0.02438354
-0.02972487	-0.02738746	-0.03420392	-0.03347017	-0.02759113	-0.02437234
-0.02971318	-0.0273689	-0.03418388	-0.03345502	-0.02758214	-0.02436105
-0.02970144	-0.02735023	-0.0341634	-0.03343784	-0.02757136	-0.02434971
-0.02968972	-0.02733155	-0.0341444	-0.03342054	-0.02756068	-0.02433838
-0.02967805	-0.02731296	-0.0341249	-0.03340319	-0.02755014	-0.02432714
-0.02966831	-0.02729248	-0.03410498	-0.0333877	-0.02753979	-0.02431602
-0.0296585	-0.02727203	-0.03408474	-0.03337207	-0.0275297	-0.02430485
-0.02964866	-0.02725352	-0.03406427	-0.0333564	-0.02751991	-0.0242916
-0.02963886	-0.02723497	-0.03404548	-0.03333867	-0.0275084	-0.02428023
-0.02962708	-0.02721649	-0.03402433	-0.03332082	-0.02749885	-0.02426871
-0.02961519	-0.02719791	-0.03400272	-0.03330473	-0.02748926	-0.02425712
-0.02960325	-0.02717909	-0.03398075	-0.03328841	-0.02747967	-0.0242455
-0.02959131	-0.02716012	-0.03396034	-0.03327195	-0.02747012	-0.02423392
-0.02957942	-0.02714109	-0.0339395	-0.03325544	-0.02746069	-0.02422243
-0.02956946	-0.02712212	-0.03391834	-0.03323895	-0.02745141	-0.02421109
-0.02955941	-0.0271033	-0.03389695	-0.03322233	-0.02744234	-0.0241979
-0.02954933	-0.02708447	-0.03387543	-0.0332054	-0.02743146	-0.02418654
-0.02953929	-0.02706548	-0.0338557	-0.03318825	-0.02742063	-0.024175
-0.02952725	-0.02704643	-0.0338358	-0.03317097	-0.02740991	-0.02416333
-0.0295151	-0.02702741	-0.03381375	-0.03315363	-0.02739933	-0.02415161
-0.02950289	-0.02700853	-0.03379147	-0.03313633	-0.02738895	-0.02413988
-0.02949068	-0.0269878	-0.03377089	-0.03312098	-0.0273788	-0.02412821
-0.02947851	-0.02696897	-0.03375003	-0.03310351	-0.02737077	-0.02411665
-0.02946827	-0.02695006	-0.033729	-0.03308584	-0.02736282	-0.02410527
-0.02945793	-0.02693117	-0.03370791	-0.03306804	-0.02735502	-0.02409387
-0.02944755	-0.02691239	-0.03368478	-0.03305021	-0.02734532	-0.02408225
-0.0294372	-0.02689174	-0.03366335	-0.03303425	-0.02733561	-0.02407048
-0.02942693	-0.02687297	-0.03364166	-0.03301818	-0.02732592	-0.02405862
-0.02941472	-0.02685411	-0.03361982	-0.03300001	-0.02731632	-0.02404671
-0.02940245	-0.02683523	-0.03359792	-0.03298165	-0.02730683	-0.02403484
-0.02939018	-0.02681646	-0.03357608	-0.03296319	-0.02729751	-0.02402304
-0.02937795	-0.0267958	-0.03355414	-0.03294472	-0.02728841	-0.02401138
-0.02936764	-0.02677699	-0.03353196	-0.03292814	-0.02727957	-0.02399993
-0.02935725	-0.02675807	-0.03350963	-0.03291147	-0.02726895	-0.02398848
-0.02934681	-0.02673912	-0.03348728	-0.03289272	-0.02725843	-0.02397684
-0.0293364	-0.02672025	-0.033465	-0.0328738	-0.02724986	-0.02396508
-0.02932607	-0.02669947	-0.03344472	-0.0328548	-0.02724121	-0.02395325
-0.0293138	-0.02667871	-0.0334224	-0.0328358	-0.02723254	-0.0239414
-0.02930147	-0.02665805	-0.03339997	-0.03281872	-0.02722388	-0.02392961
-0.02928914	-0.02663942	-0.03337752	-0.03280156	-0.02721529	-0.02391793
-0.02927868	-0.02662265	-0.03335518	-0.03278443	-0.0272068	-0.02390641
-0.02926807	-0.02660187	-0.03333487	-0.03276532	-0.02719847	-0.02389304
-0.02925737	-0.02658108	-0.03331254	-0.03274617	-0.02719034	-0.02388152
-0.02924664	-0.02656427	-0.03329013	-0.03272704	-0.02718246	-0.02386984
-0.02923594	-0.02654557	-0.03326774	-0.03270985	-0.02717279	-0.02385804
-0.02922533	-0.0265269	-0.03324729	-0.03269261	-0.0271632	-0.0238462
-0.02921279	-0.02650628	-0.03322683	-0.03267542	-0.02715372	-0.02383437
-0.0292002	-0.02648563	-0.03320647	-0.03265629	-0.02714441	-0.0238226
-0.02918761	-0.02646503	-0.03318423	-0.03263714	-0.02713529	-0.02381097
-0.02917507	-0.02644641	-0.03316205	-0.03261986	-0.02712824	-0.02379952
-0.02916446	-0.02642779	-0.03314004	-0.03260247	-0.02712121	-0.02378624
-0.02915376	-0.02640718	-0.03312013	-0.03258508	-0.02711426	-0.02377483
-0.02914303	-0.02638651	-0.03309826	-0.03256776	-0.02710743	-0.02376328
-0.02913233	-0.02636587	-0.03307637	-0.03254854	-0.02710077	-0.02375163
-0.02912172	-0.02634534	-0.03305457	-0.03252932	-0.02709224	-0.02373995
-0.02910918	-0.02632685	-0.03303478	-0.03251201	-0.02708372	-0.02372831
-0.02909867	-0.02631049	-0.03301505	-0.03249463	-0.02707523	-0.02371675
-0.02908634	-0.0262904	-0.03299339	-0.03247727	-0.02706683	-0.02370534
-0.02907406	-0.0262703	-0.03297175	-0.03246002	-0.02706036	-0.02369597
-0.02906373	-0.02625029	-0.03295023	-0.0324409	-0.02705381	-0.02368271
-0.02905331	-0.02623047	-0.03293075	-0.03242182	-0.02704721	-0.02367134
-0.02904286	-0.02621275	-0.03290929	-0.03240468	-0.02704062	-0.02365986
-0.02903246	-0.02619307	-0.03288775	-0.0323875	-0.02703408	-0.02364831
-0.02902215	-0.02617543	-0.03286625	-0.03237037	-0.02702763	-0.02363676
-0.02900991	-0.02615603	-0.0328449	-0.03235131	-0.02701925	-0.02362527
-0.02899763	-0.02613677	-0.03282563	-0.03233223	-0.02701079	-0.02361389
-0.02898536	-0.02611959	-0.03280438	-0.03231503	-0.0270023	-0.02360268
-0.02897315	-0.02610249	-0.0327831	-0.03229774	-0.02699382	-0.02358963
-0.02896104	-0.0260835	-0.03276188	-0.03228044	-0.02698538	-0.02357869
-0.02895093	-0.02606454	-0.03274082	-0.03226322	-0.02697703	-0.02356602
-0.02894079	-0.0260457	-0.0327198	-0.03224411	-0.02696881	-0.02355532
-0.02893067	-0.02602707	-0.03269865	-0.032225	-0.02696074	-0.02354457
-0.02892065	-0.02601056	-0.03267748	-0.03220782	-0.02695081	-0.02353175
-0.02890869	-0.02599213	-0.03265639	-0.03219057	-0.02694293	-0.02352082
-0.02889669	-0.02597368	-0.0326355	-0.03217334	-0.02693534	-0.02351001
-0.02888468	-0.02595531	-0.03261465	-0.03215623	-0.02692597	-0.02349938
-0.02887273	-0.02593711	-0.03259369	-0.03213726	-0.02691671	-0.02348691
-0.02886087	-0.02591918	-0.03257274	-0.03211833	-0.02690757	-0.02347448
-0.02885101	-0.02590134	-0.03255188	-0.03210135	-0.02690042	-0.02346397
-0.0288411	-0.02588345	-0.03253124	-0.03208434	-0.02689322	-0.02345336
-0.02883123	-0.02586559	-0.03251066	-0.03206739	-0.026886	-0.0234427
-0.02882143	-0.02584785	-0.032490	-0.03205058	-0.02687881	-0.02343206
-0.02880969	-0.02583034	-0.03246936	-0.03203195	-0.02687169	-0.0234215
-0.0287979	-0.02581313	-0.03244884	-0.03201339	-0.02686467	-0.02340899
-0.0287861	-0.02579424	-0.03242854	-0.03199681	-0.02685779	-0.0233985
-0.02877435	-0.02577742	-0.03240834	-0.03198024	-0.02686205	-0.02340807
-0.02876269	-0.02576066	-0.03238807	-0.03196376	-0.02683743	-0.02337093
-0.02875119	-0.02574199	-0.03236783	-0.03194538	-0.02681847	-0.02335153
-0.02874171	-0.02572332	-0.03234774	-0.03192702	-0.02681014	-0.02334786
-0.02873224	-0.02570473	-0.03232583	-0.03190877	-0.02680572	-0.02334522
-0.02872285	-0.02568631	-0.03230583	-0.03189252	-0.02680292	-0.02333976
-0.0287115	-0.02566997	-0.03228578	-0.0318763	-0.02679971	-0.02333184
-0.02870008	-0.02565371	-0.03226578	-0.03185812	-0.02679979	-0.02332725
-0.02868864	-0.02563557	-0.03224595	-0.0318399	-0.02679905	-0.0233162
-0.02867724	-0.02561744	-0.03222429	-0.0318217	-0.02679756	-0.02330654
-0.02866592	-0.02559941	-0.03220457	-0.03180363	-0.0267899	-0.02328534
-0.02865474	-0.02558157	-0.03218481	-0.0317876	-0.02677505	-0.02326326
-0.02864374	-0.025564	-0.03216512	-0.0317716	-0.02676498	-0.02324789
-0.028633	-0.02554862	-0.03214352	-0.03175367	-0.02676286	-0.02324398
-0.02862437	-0.02553136	-0.03212193	-0.03173571	-0.02676018	-0.02323733
-0.02861377	-0.02551412	-0.03210229	-0.0317178	-0.02675491	-0.02322462
-0.02860306	-0.025497	-0.03208261	-0.03170004	-0.02672545	-0.02317357
-0.02859232	-0.02548008	-0.032063	-0.03168433	-0.02671338	-0.0231658
-0.02858158	-0.02546345	-0.0320415	-0.0316666	-0.02670209	-0.02315409
-0.02857089	-0.02544694	-0.03202001	-0.03164877	-0.02670071	-0.02315359
-0.02856032	-0.02543037	-0.03200048	-0.03163093	-0.0266989	-0.02315009
-0.02854992	-0.02541384	-0.03198091	-0.03161316	-0.0266967	-0.02314393
-0.02853973	-0.02539744	-0.03196143	-0.03159554	-0.02669416	-0.02313542
-0.02852981	-0.02538124	-0.03194005	-0.03157998	-0.02669134	-0.02312672
-0.02851813	-0.02536325	-0.03191871	-0.03156243	-0.02668826	-0.02311789
-0.0285084	-0.02534721	-0.03189749	-0.03154479	-0.02668499	-0.02310691
-0.02849858	-0.02533112	-0.03187832	-0.03152714	-0.02668156	-0.02309567
-0.02848872	-0.02531507	-0.03185923	-0.03150958	-0.02667594	-0.02308423
-0.02847889	-0.02529913	-0.03183825	-0.03149218	-0.02666818	-0.02307083
-0.02846913	-0.02528341	-0.03181729	-0.03147686	-0.02666038	-0.02305941
-0.02845949	-0.02526797	-0.03179647	-0.03145956	-0.02665258	-0.02304614
-0.02845003	-0.02525084	-0.03177769	-0.03144218	-0.02663933	-0.02302767
-0.02843873	-0.02523366	-0.031759	-0.03142481	-0.02662689	-0.02301575
-0.02842744	-0.02521833	-0.03173841	-0.03140754	-0.02661526	-0.02300419
-0.02841623	-0.02520312	-0.03171785	-0.03139044	-0.02660446	-0.02298913
-0.02840513	-0.02518603	-0.03169742	-0.03137544	-0.0265872	-0.02296541
-0.02839419	-0.02516896	-0.03167722	-0.03135847	-0.02657908	-0.02295619
-0.02838346	-0.025152	-0.03165709	-0.03134143	-0.02657181	-0.02294515
-0.0283748	-0.02513523	-0.03163687	-0.03132441	-0.02656721	-0.02293441
-0.0283662	-0.02512054	-0.03161667	-0.03130751	-0.02656324	-0.02292403
-0.02835771	-0.02510595	-0.03159659	-0.0312908	-0.0265599	-0.02291405
-0.02834937	-0.02508946	-0.03157672	-0.03127411	-0.02655515	-0.02290633
-0.02833916	-0.02507298	-0.03155899	-0.03125728	-0.02655265	-0.02289886
-0.02832896	-0.02505658	-0.03153935	-0.0312404	-0.02653938	-0.02287135
-0.02831881	-0.02504035	-0.03151971	-0.03122355	-0.02650225	-0.02280991
-0.02830875	-0.02502436	-0.03150018	-0.03120681	-0.02647937	-0.02279973
-0.02829883	-0.0250087	-0.03148086	-0.03119027	-0.02647121	-0.02280371
-0.0282891	-0.02499318	-0.03145978	-0.03117194	-0.02647074	-0.02280556
-0.02827961	-0.02497763	-0.03144065	-0.03115555	-0.02644981	-0.02276541
-0.02827039	-0.02496214	-0.03142152	-0.0311391	-0.02645515	-0.02277657
-0.02826333	-0.02494678	-0.03140248	-0.03112268	-0.02646338	-0.02278325
-0.02825431	-0.02493163	-0.03138362	-0.03110637	-0.02645939	-0.02276959
-0.02824521	-0.02491677	-0.03136297	-0.03109027	-0.02645035	-0.02275658
-0.02823607	-0.0249002	-0.03134428	-0.03107237	-0.02645545	-0.02276975
-0.02822694	-0.02488564	-0.03132555	-0.03105641	-0.0264713	-0.0227876
-0.02821787	-0.02487109	-0.03130689	-0.0310404	-0.02649296	-0.02280214
-0.0282089	-0.02485664	-0.0312884	-0.03102441	-0.02651238	-0.02280641
-0.02820008	-0.02484236	-0.03126809	-0.03100854	-0.026528	-0.022809
-0.02819146	-0.02482625	-0.0312479	-0.03099079	-0.02654943	-0.02282295
-0.02818307	-0.02481021	-0.03122972	-0.03097307	-0.02657226	-0.02283587
-0.02817497	-0.02479431	-0.03121159	-0.03095546	-0.02659261	-0.02284053
-0.02816512	-0.02477862	-0.0311936	-0.03093985	-0.02661257	-0.02284892
-0.02815539	-0.02476322	-0.03117377	-0.03092426	-0.02663578	-0.02285669
-0.02814582	-0.02474818	-0.03115402	-0.03090877	-0.02665811	-0.02286363
-0.02813645	-0.02473331	-0.03113444	-0.03089139	-0.02667777	-0.02286434
-0.02812731	-0.02471845	-0.03111695	-0.03087402	-0.026695	-0.02286506
-0.02811845	-0.02470365	-0.03109957	-0.03085675	-0.02671555	-0.02287315
-0.02811173	-0.02468899	-0.03108031	-0.03083964	-0.02673529	-0.02288033
-0.02810512	-0.02467455	-0.03106111	-0.03082462	-0.02675604	-0.02288668
-0.02809866	-0.02466039	-0.03104204	-0.03080967	-0.0267776	-0.02289224
-0.02809032	-0.02464451	-0.03102502	-0.03079281	-0.02678854	-0.02288406
-0.02808198	-0.02463063	-0.03100808	-0.03077412	-0.02680081	-0.02288556
-0.02807365	-0.02461674	-0.03098924	-0.03075758	-0.02681235	-0.02288458
-0.0280654	-0.02460291	-0.03097041	-0.03074118	-0.02682864	-0.0228887
-0.02805725	-0.02458922	-0.03095168	-0.030725	-0.02684347	-0.02288993
-0.02804924	-0.02457573	-0.03093316	-0.03071095	-0.02685504	-0.02288675
-0.02804142	-0.02456252	-0.03091675	-0.03069496	-0.02687092	-0.02289065
-0.02803382	-0.02454759	-0.03089839	-0.03067893	-0.02685604	-0.02283925
-0.02802649	-0.02453282	-0.03088001	-0.03066294	-0.02687088	-0.02285571
-0.02801945	-0.02452011	-0.03086169	-0.03064707	-0.0268892	-0.02286439
-0.02801069	-0.02450744	-0.03084353	-0.03063139	-0.02690353	-0.02286624
-0.02800204	-0.0244949	-0.03082562	-0.03061599	-0.02690717	-0.02284885
-0.02799355	-0.02448255	-0.0308078	-0.03059887	-0.0269134	-0.02284367
-0.02798524	-0.02446839	-0.03078991	-0.03058374	-0.02691234	-0.02282759
-0.02797716	-0.02445431	-0.03077204	-0.03056862	-0.02690608	-0.02280893
-0.02796933	-0.02444037	-0.03075428	-0.03055357	-0.02692377	-0.02283538
-0.0279636	-0.02442664	-0.03073672	-0.03053869	-0.02694007	-0.02283899
-0.02795796	-0.02441319	-0.03071738	-0.03052403	-0.02695712	-0.02284531
-0.02795242	-0.02440008	-0.03069999	-0.03050762	-0.02697788	-0.02284817
-0.02794703	-0.02438921	-0.03068258	-0.03049134	-0.02698919	-0.02284196
-0.02794184	-0.02437648	-0.03066522	-0.0304771	-0.02698676	-0.02282005
-0.0279348	-0.02436379	-0.03064801	-0.03046288	-0.02697796	-0.02279757
-0.02792776	-0.02435121	-0.03062896	-0.03044878	-0.02696495	-0.02277716
-0.02792077	-0.0243388	-0.030610	-0.03043487	-0.02697505	-0.02279706
-0.02791386	-0.02432662	-0.03059119	-0.03041915	-0.02696628	-0.02277733
-0.02790705	-0.02431293	-0.03057445	-0.03040352	-0.02695539	-0.02275867
-0.02790039	-0.02430141	-0.0305578	-0.03038805	-0.02693026	-0.02272712
-0.0278939	-0.02428982	-0.03053925	-0.03037282	-0.02690217	-0.02269573
-0.02788761	-0.02427822	-0.03052071	-0.03035971	-0.02686934	-0.02266478
-0.02788157	-0.02426667	-0.03050227	-0.03034674	-0.02683391	-0.02263274
-0.0278758	-0.02425524	-0.030484	-0.0303319	-0.02679411	-0.02259991
-0.02787034	-0.02424399	-0.03046601	-0.03031708	-0.02675205	-0.02256632
-0.02786313	-0.02423092	-0.03045019	-0.03030237	-0.02670779	-0.02253202
-0.02785699	-0.02421893	-0.03043237	-0.03028835	-0.0266607	-0.02249473
-0.0278509	-0.02420698	-0.03041461	-0.03027437	-0.02661243	-0.02245718
-0.02784487	-0.02419506	-0.03039691	-0.03026045	-0.02656313	-0.02241948
-0.02783891	-0.02418316	-0.03037926	-0.03024657	-0.02651295	-0.02238175
-0.02783302	-0.02417129	-0.03036169	-0.03023273	-0.02646205	-0.02234413
-0.02782719	-0.02415945	-0.03034418	-0.03021894	-0.02641057	-0.02230674
-0.02782143	-0.02414762	-0.03032675	-0.03020518	-0.02635868	-0.0222697
-0.02781574	-0.02413582	-0.0303094	-0.03019146	-0.02630653	-0.02223315
-0.02781012	-0.02412404	-0.03029213	-0.03017777	-0.02625427	-0.02219719
-0.02780457	-0.02411228	-0.03027495	-0.03016411	-0.02620206	-0.02216197
-0.0277991	-0.02410054	-0.03025786	-0.03015048	-0.02615005	-0.02212761
-0.02779369	-0.0240888	-0.03024087	-0.03013688	-0.0260984	-0.02209422
-0.02778837	-0.02407708	-0.03022397	-0.0301233	-0.02604726	-0.02206194
-0.02778312	-0.02406538	-0.03020719	-0.03010974	-0.02599678	-0.0220309
-0.02777796	-0.02405368	-0.03019051	-0.03009619	-0.02594711	-0.02200121
-0.02777287	-0.02404199	-0.03017394	-0.03008267	-0.02589843	-0.021973
-0.02776786	-0.02403031	-0.03015749	-0.03006915	-0.02585086	-0.0219464
-0.02776294	-0.02401864	-0.03014117	-0.03005565	-0.02580458	-0.02192153
-0.0277581	-0.02400697	-0.03012496	-0.03004215	-0.02575973	-0.02189853
-0.02775334	-0.0239953	-0.03010889	-0.03002866	-0.02571648	-0.02187751
-0.02774868	-0.02398363	-0.03009296	-0.03001517	-0.02567497	-0.02185859
-0.0277441	-0.02397195	-0.03007716	-0.03000168	-0.02563535	-0.02184191
-0.02773961	-0.02396028	-0.03006151	-0.02998819	-0.02559779	-0.02182759
-0.02773521	-0.0239486	-0.030046	-0.02997469	-0.02556243	-0.02181576
-0.02773091	-0.02393692	-0.03003064	-0.02996119	-0.02552943	-0.02180653
-0.02772669	-0.02392523	-0.03001544	-0.02994768	-0.02549895	-0.02180005
-0.02772257	-0.02391353	-0.0300004	-0.02993415	-0.02547113	-0.02179642
-0.02771855	-0.02390182	-0.02998553	-0.02992061	-0.02544614	-0.02179578
-0.02771463	-0.02389009	-0.02997082	-0.02990705	-0.02542413	-0.02179826
-0.0277108	-0.02387835	-0.02995629	-0.02989347	-0.02540525	-0.02180397
-0.02770708	-0.0238666	-0.02994193	-0.02987987	-0.02538965	-0.02181304
-0.02770346	-0.02385483	-0.02992775	-0.02986624	-0.0253775	-0.0218256
-0.02769994	-0.02384304	-0.02991376	-0.02985259	-0.02536893	-0.02184178
-0.02769652	-0.02383123	-0.02989996	-0.0298389	-0.02536412	-0.02186169
-0.02769321	-0.02381939	-0.02988636	-0.02982518	-0.02536321	-0.02188547
-0.02769001	-0.02380754	-0.02987295	-0.02981143	-0.02536635	-0.02191324
-0.02768692	-0.02379566	-0.02985974	-0.02979764	-0.02537371	-0.02194512
