0.004950
0.08906667
0.1731833
0.258850
0.3429667
0.4270833
0.512500
0.5968834
0.6809833
0.766400
0.8505167
0.934900
1.020317
1.104433
1.188800
1.274217
1.358333
1.442717
1.528133
1.612233
1.696350
1.782033
1.866150
1.950267
2.035933
2.120050
2.204167
2.289850
2.373967
2.458067
2.543483
2.627867
2.711983
2.797400
2.881767
2.965883
3.051300
3.135417
3.219800
3.305217
3.389317
3.473700
3.559117
3.643233
3.727600
3.813017
3.897133
3.981250
4.066933
4.151050
4.235150
4.320833
4.404950
4.489067
4.574733
4.658850
4.742967
4.828383
4.912767
4.996883
5.082300
5.166667
5.250783
5.336200
5.420567
5.504684
5.590367
5.674483
5.758600
5.844267
5.928383
6.012500
6.098183
6.182300
6.266400
6.351817
6.436200
6.520317
6.605733
6.690100
6.774217
6.859633
6.943750
7.028133
7.113550
7.197650
7.281767
7.367450
7.451567
7.535683
7.621350
7.705467
7.789583
7.875267
7.959384
8.043484
8.128900
8.213284
8.297401
8.382816
8.467183
8.551300
8.636717
8.720834
8.805217
8.890634
8.974733
9.058850
9.144533
9.228650
9.312767
9.398434
9.482550
9.566667
9.652350
9.736466
9.820567
9.906250
9.990367
10.074480
10.159900
10.244270
10.328380
10.413800
10.497920
10.582300
10.667720
10.751820
10.836200
10.921620
11.005730
11.089850
11.175520
11.260150
11.344530
11.429950
11.514070
11.598180
11.683850
11.767970
11.852080
11.937770
12.021880
12.105980
12.191670
12.275780
12.359900
12.445320
12.529680
12.613800
12.699220
12.783600
12.867720
12.953130
13.037230
13.121620
13.207030
13.291150
13.375520
13.460930
13.545050
13.629170
13.714850
13.798970
13.883070
13.968750
14.052870
14.136980
14.222650
14.306770
14.390880
14.476570
14.560680
14.644800
14.730220
14.814580
14.898700
14.984380
15.068480
15.152600
15.238280
15.322400
15.406520
15.492180
15.576300
15.660420
15.745830
15.830220
15.914320
15.999730
16.083850
16.168230
16.253650
16.337770
16.422130
16.507550
16.591670
16.675780
16.761470
16.845570
16.929680
17.015370
17.099480
17.183600
17.269270
17.353380
17.437500
17.522920
17.607300
17.691400
17.776820
17.860930
17.945320
18.030730
18.114850
18.198970
18.284630
18.368750
18.452870
18.538550
18.622650
18.706770
18.792180
18.876570
18.960680
19.046350
19.130470
19.214580
19.300270
19.384380
19.468480
19.554170
19.638280
19.722400
19.807820
19.892180
19.976300
20.061720
20.146100
20.230220
20.315630
20.399730
20.484120
20.569530
20.653650
20.737770
20.823430
20.907550
20.991670
21.077350
21.161470
21.245570
21.331250
21.415370
21.499480
21.584900
21.669270
21.753380
21.838800
21.923180
22.007300
22.092720
22.176820
22.261200
22.346620
22.430730
22.514850
22.600520
22.684630
22.768750
22.854430
22.938550
23.022650
23.108330
23.192450
23.276570
23.361980
23.446350
23.530470
23.615880
23.700270
23.784380
23.869800
23.953900
24.038280
24.123700
24.207820
24.292180
24.377600
24.461720
24.545830
24.631520
24.715630
24.799730
24.885420
24.969530
25.053650
25.139320
25.223430
25.307550
25.392970
25.477350
25.561470
25.646880
25.730980
25.815370
25.900780
25.984900
26.069270
26.154680
26.238800
26.322920
26.408600
26.492720
26.576820
26.662500
26.746620
26.830730
26.916400
27.000520
27.084630
27.170050
27.254430
27.338550
27.423970
27.508330
27.592450
27.677870
27.761980
27.846350
27.931770
28.015880
28.100270
28.185680
28.269800
28.353900
28.439580
28.523700
28.607820
28.693480
28.777600
28.861720
28.947400
29.031520
29.115630
29.201300
29.285420
29.369530
29.454950
29.539320
29.623430
29.708850
29.793230
29.877350
29.962770
30.046880
30.131250
30.216670
30.300780
30.385150
30.470570
30.554680
30.638800
30.724480
30.808600
30.892720
30.978380
31.062500
31.146620
31.232300
31.316400
31.400520
31.485930
31.570320
31.654430
31.739850
31.824220
31.908330
31.993750
32.077870
32.162230
32.247650
32.331770
32.416150
32.501570
32.585680
32.669800
32.755470
32.839580
32.923700
33.009380
33.093480
33.177600
33.263280
33.347400
33.431520
33.516930
33.601300
33.685420
33.770830
33.854950
33.939320
34.024730
34.108850
34.193230
34.278650
34.362770
34.446880
34.532550
34.617720
34.701820
34.787230
34.871620
34.955730
35.041150
35.125270
35.209630
35.295050
35.379170
35.463550
35.548970
35.633070
35.717180
35.802870
35.886980
35.971100
36.056770
36.140880
36.225000
36.310680
36.394800
36.478900
36.564580
36.648700
36.732820
36.818480
36.902600
36.986720
37.072130
37.156520
37.240640
37.326300
37.410420
37.494530
37.580220
37.664320
37.748430
37.833850
37.918230
38.002350
38.087770
38.171880
38.256250
38.341670
38.425790
38.510150
38.595570
38.679680
38.763800
38.849480
38.933600
39.017720
39.103380
39.187500
39.271620
39.357300
39.441400
39.525780
39.611200
39.695320
39.779430
39.865100
39.949220
40.033330
40.119020
40.203130
40.287230
40.372920
40.457040
40.541150
40.626820
40.710930
40.795320
40.880730
40.964850
41.048970
41.134630
41.218750
41.302870
41.388550
41.472650
41.556770
41.642450
41.726570
41.810680
41.896350
41.980470
42.064580
42.150270
42.234380
42.318480
42.403900
42.488290
42.572400
42.657820
42.742180
42.826300
42.911720
42.995830
43.080220
43.165630
43.249730
43.333850
43.419530
43.503650
43.587770
43.673440
43.757550
43.841670
43.927080
44.011470
44.095570
44.180980
44.265370
44.349480
44.434900
44.519020
44.603380
44.688800
44.772920
44.857030
44.942720
45.026820
45.111200
45.196620
45.280740
45.364850
45.450520
45.534630
45.618750
45.704430
45.788550
45.872650
45.958330
46.042450
46.126570
46.211980
46.296350
46.380470
46.465890
46.550270
46.634380
46.719800
46.803900
46.888280
46.973700
47.057820
47.142190
47.227600
47.311720
47.395830
47.481520
47.565630
47.649730
47.735420
47.819530
47.903650
47.989070
48.073430
48.157550
48.242970
48.327080
48.411470
48.496880
48.580980
48.665100
48.750780
48.834900
48.919270
49.004680
49.088800
49.172920
49.258600
49.342720
49.426820
49.512500
49.596620
49.680730
49.766150
49.850520
49.934640
50.020050
50.104440
50.188550
50.273970
50.358070
50.442450
50.527870
50.611980
50.696100
50.781770
50.865880
50.950000
51.035680
51.119800
51.203900
51.289590
51.373700
51.457820
51.543480
51.627600
51.711720
51.797130
51.881520
51.965630
52.051050
52.135150
52.219530
52.304950
52.389070
52.473180
52.558850
52.642970
52.727090
52.812770
52.896890
52.981250
53.066670
53.150780
53.234900
53.320570
53.404680
53.488800
53.574480
53.658600
53.742720
53.828380
53.912500
53.996620
54.082040
54.166400
54.250520
54.335930
54.420320
54.504430
54.589850
54.673970
54.758340
54.843750
54.927870
55.012230
55.097650
55.181770
55.265880
55.351570
55.435680
55.519800
55.605470
55.689580
55.773700
55.859380
55.943480
56.027600
56.113020
56.197400
56.281520
56.366930
56.451050
56.535420
56.620830
56.704950
56.789320
56.874730
56.958850
57.043230
57.128650
57.212770
57.297130
57.383600
57.467720
57.551820
57.637230
57.721620
57.805730
57.891150
57.975270
58.059640
58.145050
58.229170
58.313550
58.398970
58.483070
58.567180
58.652870
58.736980
58.821100
58.906770
58.990880
59.075000
59.160420
59.244530
59.328900
59.414320
59.498430
59.582820
59.668230
59.752350
59.836470
59.922130
60.006250
60.090370
60.176050
60.260150
60.344270
60.429680
60.514070
60.598180
60.683600
60.767720
60.852090
60.937500
61.021620
61.105980
61.191400
61.275520
61.359630
61.445320
61.529430
61.613550
61.699220
61.783330
61.867450
61.952870
62.037230
62.121350
62.206770
62.290880
62.375270
62.460680
62.544800
62.629170
62.714580
62.798700
62.882820
62.968480
63.052600
63.136720
63.222400
63.306520
63.390630
63.476300
63.560420
63.644540
63.729950
63.814320
63.898430
63.983850
64.068230
64.152350
64.237770
64.321880
64.406250
64.491670
64.575780
64.660420
64.745830
64.829950
64.914070
64.999730
65.083850
65.167970
65.253380
65.337770
65.421880
65.507300
65.591400
65.675780
65.761200
65.845310
65.929680
66.015100
66.099220
66.183330
66.269020
66.353130
66.437230
66.522920
66.607030
66.691150
66.776820
66.860930
66.945050
67.030460
67.114850
67.198970
67.284390
67.368750
67.452870
67.538280
67.622400
67.706760
67.792180
67.876300
67.960420
68.046100
68.130220
68.214320
68.300000
68.384120
68.468230
68.553900
68.638020
68.722130
68.807820
68.891930
68.976050
69.061470
69.145840
69.229950
69.315370
69.399480
69.483850
69.569270
69.653380
69.737500
69.823180
69.907300
69.991400
70.077080
70.161200
70.245320
70.330990
70.415100
70.499210
70.584630
70.669010
70.753140
70.838800
70.922920
71.007030
71.092720
71.176820
71.260930
71.346350
71.430730
71.514850
71.600270
71.684380
71.768750
71.854160
71.938290
72.022400
72.108070
72.192180
72.276300
72.361980
72.446100
72.530220
72.615630
72.700000
72.784120
72.869530
72.953650
73.038020
73.123440
73.207550
73.291930
73.377350
73.461460
73.545570
73.631250
73.715370
73.799480
73.885150
73.969270
74.053380
74.138800
74.223180
74.307300
74.392720
74.476810
74.561200
74.646610
74.730740
74.815100
74.900520
74.984630
75.068750
75.154430
75.238550
75.322650
75.408330
75.492450
75.576570
75.662230
75.746350
75.830470
75.915890
76.000270
76.084380
76.169800
76.253900
76.338280
76.423700
76.507820
76.591930
76.677600
76.761720
76.845830
76.931520
77.015630
77.099730
77.185150
77.269530
77.353650
77.439060
77.523190
77.607550
77.692970
77.777080
77.861470
77.946880
78.030980
78.115100
78.200780
78.284900
78.369020
78.454680
78.538800
78.622920
78.708600
78.792720
78.876820
78.962230
79.046620
79.130730
79.216150
79.300270
79.384640
79.470310
79.554440
79.638550
79.723970
79.808330
79.893230
79.978900
80.063020
80.147130
80.232820
80.316930
80.401050
80.486470
80.570830
80.654950
80.740360
80.824490
80.908850
80.994270
81.078380
81.162770
81.248180
81.332300
81.416400
81.502080
81.586200
81.670320
81.755980
81.840100
81.924220
82.009900
82.094020
82.178130
82.263550
82.347920
82.432030
82.517450
82.601810
82.685940
82.771350
82.855470
82.939850
83.025270
83.109380
83.193750
83.279170
83.363280
83.447400
83.533070
83.617180
83.701300
83.786720
83.871100
83.955220
84.040630
84.125000
84.209110
84.294530
84.378650
84.463020
84.548430
84.632550
84.716670
84.802350
84.886470
84.970570
85.056250
85.140370
85.224480
85.310150
85.394260
85.478390
85.563800
85.648190
85.732300
85.817720
85.901820
85.986200
86.071620
86.155730
86.239850
86.325520
86.409630
86.493750
86.579430
86.663550
86.747650
86.833070
86.917450
87.001560
87.086980
87.171100
87.255470
87.340880
87.425000
87.509380
87.594800
87.678900
87.763020
87.848700
87.932820
88.016930
88.102600
88.186710
88.270840
88.356510
88.440640
88.525000
88.610420
88.694530
88.778650
88.864320
88.948430
89.032550
89.118230
89.202350
89.286470
89.372130
89.456250
89.540370
89.625790
89.710150
89.794270
89.879680